[ 0 ]	0/1	
[ 1 ]	1/1		
[ -1 ]	1/-1	
[ 2 ]	2/1		[[5,2,6,1],[2,5,3,4]]
[ -2 ]	2/-1	[[1,5,2,6],[5,3,4,2]]
[ 1  1  0 ]	1/2			[[5,1,6,2],[2,4,3,5]]
[ -1  -1  0 ]	1/-2	[[1,6,2,5],[4,3,5,2]]
[ 3 ]	3/1		[[7,2,8,1],[5,4,6,3],[2,7,3,6]]
[ -3 ]	3/-1	[[1,7,2,8],[3,5,4,6],[6,2,7,3]]
[ 2  1  0 ]	2/3			[[4,1,5,2],[2,6,3,7],[7,3,8,4]]
[ -2  -1  0 ]	2/-3	[[1,5,2,4],[3,8,4,7],[6,3,7,2]]
[ 1  2  0 ]	1/3			[[7,1,8,2],[5,3,6,4],[2,6,3,7]]
[ -1  -2  0 ]	1/-3	[[1,8,2,7],[3,6,4,5],[6,3,7,2]]
[ 1  1  1 ]	3/2			[[5,2,6,1],[7,5,8,4],[2,7,3,6]]
[ -1  -1  -1 ]	3/-2	[[1,5,2,6],[4,7,5,8],[6,2,7,3]]
[ 4 ]	4/1		[[9,2,10,1],[7,4,8,3],[4,7,5,6],[2,9,3,8]]
[ -4 ]	4/-1	[[1,9,2,10],[3,7,4,8],[6,4,7,5],[8,2,9,3]]
[ 3  1  0 ]	3/4			[[6,2,7,1],[8,4,9,3],[4,8,5,7],[2,10,3,9]]
[ -3  -1  0 ]	3/-4	[[1,6,2,7],[3,8,4,9],[7,4,8,5],[9,2,10,3]]
[ 2  2  0 ]	2/5			[[7,2,6,1],[9,4,10,3],[3,6,2,5],[4,9,5,8]]
[ -2  -2  0 ]	2/-5	[[1,7,2,6],[3,9,4,10],[5,3,6,2],[8,4,9,5]]
[ 2  1  1 ]	5/3			[[5,2,4,1],[7,4,8,3],[10,6,9,5],[2,9,3,8]]
[ -2  -1  -1 ]	5/-3	[[1,5,2,4],[3,7,4,8],[5,10,6,9],[8,2,9,3]]
[ 1  3  0 ]	1/4			[[6,2,7,1],[8,4,9,3],[2,8,3,7],[4,10,5,9]]
[ -1  -3  0 ]	1/-4	[[1,6,2,7],[3,8,4,9],[7,2,8,3],[9,4,10,5]]
[ 1  2  1 ]	4/3			[[7,2,8,1],[9,4,10,3],[4,7,5,6],[2,9,3,8]]
[ -1  -2  -1 ]	4/-3	[[1,7,2,8],[3,9,4,10],[6,4,7,5],[8,2,9,3]]
[ 1  1  2 ]	5/2			[[6,2,7,1],[8,6,9,5],[2,8,3,7],[4,10,5,9]]
[ -1  -1  -2 ]	5/-2	[[1,6,2,7],[5,8,6,9],[7,2,8,3],[9,4,10,5]]
[ 1  1  1  1  0 ]	3/5			[[10,2,9,1],[7,4,8,3],[2,6,3,5],[4,9,5,8]]
[ -1  -1  -1  -1  0 ]	3/-5	[[1,10,2,9],[3,7,4,8],[5,2,6,3],[8,4,9,5]]
[ 5 ]	5/1		[[8,2,7,1],[10,4,9,3],[12,6,11,5],[3,9,2,8],[5,11,4,10]]
[ -5 ]	5/-1	[[1,8,2,7],[3,10,4,9],[5,12,6,11],[8,3,9,2],[10,5,11,4]]
[ 4  1  0 ]	4/5			[[7,2,6,1],[10,4,9,3],[12,6,11,5],[3,9,2,8],[5,11,4,10]]
[ -4  -1  0 ]	4/-5	[[1,7,2,6],[3,10,4,9],[5,12,6,11],[8,3,9,2],[10,5,11,4]]
[ 3  2  0 ]	3/7			[[12,2,11,1],[8,4,7,3],[10,6,9,5],[5,9,4,8],[3,11,2,10]]
[ -3  -2  0 ]	3/-7	[[1,12,2,11],[3,8,4,7],[5,10,6,9],[8,5,9,4],[10,3,11,2]]
[ 3  1  1 ]	7/4			[[11,2,10,1],[9,4,8,3],[3,8,2,7],[5,10,4,9],[6,12,7,11]]
[ -3  -1  -1 ]	7/-4	[[1,11,2,10],[3,9,4,8],[7,3,8,2],[9,5,10,4],[11,6,12,7]]
[ 2  3  0 ]	2/7			[[9,2,8,1],[7,4,6,3],[12,6,11,5],[3,8,2,7],[5,11,4,10]]
[ -2  -3  0 ]	2/-7	[[1,9,2,8],[3,7,4,6],[5,12,6,11],[7,3,8,2],[10,5,11,4]]
[ 2  2  1 ]	7/5			[[7,2,6,1],[10,4,9,3],[3,6,2,5],[12,8,11,7],[5,11,4,10]]
[ -2  -2  -1 ]	7/-5	[[1,7,2,6],[3,10,4,9],[5,3,6,2],[7,12,8,11],[10,5,11,4]]
[ 2  1  2 ]	8/3			[[5,2,4,1],[12,4,11,3],[9,6,10,5],[6,9,7,8],[3,11,2,10]]
[ -2  -1  -2 ]	8/-3	[[1,5,2,4],[3,12,4,11],[5,9,6,10],[8,6,9,7],[10,3,11,2]]
[ 2  1  1  1  0 ]	5/8			[[6,2,7,1],[9,4,8,3],[11,8,10,7],[5,10,4,9],[2,12,3,11]]
[ -2  -1  -1  -1  0 ]	5/-8	[[1,6,2,7],[3,9,4,8],[7,11,8,10],[9,5,10,4],[11,2,12,3]]
[ 1  4  0 ]	1/5			[[12,2,11,1],[10,4,9,3],[8,6,7,5],[5,9,4,8],[3,11,2,10]]
[ -1  -4  0 ]	1/-5	[[1,12,2,11],[3,10,4,9],[5,8,6,7],[8,5,9,4],[10,3,11,2]]
[ 1  3  1 ]	5/4			[[11,2,10,1],[9,4,8,3],[5,8,4,7],[3,10,2,9],[6,12,7,11]]
[ -1  -3  -1 ]	5/-4	[[1,11,2,10],[3,9,4,8],[7,5,8,4],[9,3,10,2],[11,6,12,7]]
[ 1  2  2 ]	7/3			[[10,2,9,1],[8,4,7,3],[12,6,11,5],[3,9,2,8],[5,11,4,10]]
[ -1  -2  -2 ]	7/-3	[[1,10,2,9],[3,8,4,7],[5,12,6,11],[8,3,9,2],[10,5,11,4]]
[ 1  2  1  1  0 ]	4/7			[[7,2,6,1],[12,4,11,3],[10,6,9,5],[3,9,2,8],[5,11,4,10]]
[ -1  -2  -1  -1  0 ]	4/-7	[[1,7,2,6],[3,12,4,11],[5,10,6,9],[8,3,9,2],[10,5,11,4]]
[ 1  1  3 ]	7/2			[[9,2,8,1],[10,6,11,5],[3,8,2,7],[6,10,7,9],[4,12,5,11]]
[ -1  -1  -3 ]	7/-2	[[1,9,2,8],[5,10,6,11],[7,3,8,2],[9,6,10,7],[11,4,12,5]]
[ 1  1  2  1  0 ]	5/7			[[12,2,11,1],[6,4,7,3], [10,6,9,5],[2,8,3,7],[5,11,4,10]]
[ -1  -1  -2  -1  0 ]	5/-7	[[1,12,2,11],[3,6,4,7],[5,10,6,9],[7,2,8,3],[10,5,11,4]]
[ 1  1  1  2  0 ]	3/8			[[6,2,7,1],[11,4,10,3],[2,8,3,7],[5,10,4,9],[8,12,9,11]]
[ -1  -1  -1  -2  0 ]	3/-8	[[1,6,2,7],[3,11,4,10],[7,2,8,3],[9,5,10,4],[11,8,12,9]]
[ 1  1  1  1  1 ]	8/5			[[9,2,10,1],[12,4,11,3],[2,6,3,5],[6,9,7,8],[5,11,4,10]]
[ -1  -1  -1  -1  -1 ]	8/-5	[[1,9,2,10],[3,12,4,11],[5,2,6,3],[8,6,9,7],[10,5,11,4]]
[ 6 ]	6/1		[[13,2,14,1],[11,4,12,3],[9,6,10,5],[6,9,7,8],[4,11,5,10],[2,13,3,12]]
[ -6 ]	6/-1	[[1,13,2,14],[3,11,4,12],[5,9,6,10],[8,6,9,7],[10,4,11,5],[12,2,13,3]]
[ 5  1  0 ]	5/6			[[8,2,9,1],[12,4,13,3][10,6,11,5],[6,10,7,9],[4,12,5,11],[2,14,3,13]]
[ -5  -1  0 ]	5/-6	[[1,8,2,9],[3,12,4,13],[5,10,6,11],[9,6,10,7],[11,4,12,5],[13,2,14,3]]
[ 4  2  0 ]	4/9			[[9,2,8,1],[13,4,14,3],[11,6,12,5],[3,8,2,7],[6,11,7,10],[4,13,5,12]]
[ -4  -2  0 ]	4/-9	[[1,9,2,8],[3,13,4,14],[5,11,6,12],[7,3,8,2],[10,6,11,7],[12,4,13,5]]
[ 4  1  1 ]	9/5			[[7,2,6,1],[11,4,12,3],[9,6,10,5],[14,8,13,7],[4,11,5,10],[2,13,3,12]]
[ -4  -1  -1 ]	9/-5	[[1,7,2,6],[3,11,4,12],[5,9,6,10],[7,14,8,13],[10,4,11,5],[12,2,13,3]]
[ 3  3  0 ]	3/10		[[8,2,9,1],[10,4,11,3],[12,6,13,5],[2,10,3,9],[6,12,7,11],[4,14,5,13]]
[ -3  -3  0 ]	3/-10	[[1,8,2,9],[3,10,4,11],[5,12,6,13],[9,2,10,3],[11,6,12,7],[13,4,14,5]]
[ 3  2  1 ]	10/7		[[9,2,10,1],[13,4,14,3],[11,6,12,5],[6,9,7,8],[2,11,3,10],[4,13,5,12]]
[ -3  -2  -1 ]	10/-7	[[1,9,2,10],[3,13,4,14],[5,11,6,12],[8,6,9,7],[10,2,11,3],[12,4,13,5]]
[ 3  1  2 ]	11/4		[[8,2,9,1],[10,4,11,3],[12,8,13,7],[4,10,5,9],[2,12,3,11],[6,14,7,13]]
[ -3  -1  -2 ]	11/-4	[[1,8,2,9],[3,10,4,11],[7,12,8,13],[9,4,10,5],[11,2,12,3],[13,6,14,7]]
[ 3  1  1  1  0 ]	7/11		[[14,2,13,1],[11,4,12,3],[9,6,10,5],[2,8,3,7],[4,11,5,10],[6,13,7,12]]
[ -3  -1  -1  -1  0 ]	7/-11	[[1,14,2,13],[3,11,4,12],[5,9,6,10],[7,2,8,3],[10,4,11,5],[12,6,13,7]]
[ 2  4  0 ]	2/9
[ -2  -4  0 ]	2/-9
[ 2  3  1 ]	9/7
[ -2  -3  -1 ]	9/-7
[ 2  2  2 ]	12/5
[ -2  -2  -2 ]	12/-5
[ 2  2  1  1  0 ]	7/12
[ -2  -2  -1  -1  0 ]	7/-12
[ 2  1  3 ]	11/3
[ -2  -1  -3 ]	11/-3
[ 2  1  2  1  0 ]	8/11
[ -2  -1  -2  -1  0 ]	8/-11
[ 2  1  1  2  0 ]	5/13
[ -2  -1  -1  -2  0 ]	5/-13
[ 2  1  1  1  1 ]	13/8
[ -2  -1  -1  -1  -1 ]	13/-8
[ 1  5  0 ]	1/6
[ -1  -5  0 ]	1/-6
[ 1  4  1 ]	6/5
[ -1  -4  -1 ]	6/-5
[ 1  3  2 ]	9/4
[ -1  -3  -2 ]	9/-4
[ 1  3  1  1  0 ]	5/9
[ -1  -3  -1  -1  0 ]	5/-9
[ 1  2  3 ]	10/3
[ -1  -2  -3 ]	10/-3
[ 1  2  2  1  0 ]	7/10
[ -1  -2  -2  -1  0 ]	7/-10
[ 1  2  1  2  0 ]	4/11
[ -1  -2  -1  -2  0 ]	4/-11
[ 1  2  1  1  1 ]	11/7
[ -1  -2  -1  -1  -1 ]	11/-7
[ 1  1  4 ]	9/2
[ -1  -1  -4 ]	9/-2
[ 1  1  3  1  0 ]	7/9
[ -1  -1  -3  -1  0 ]	7/-9
[ 1  1  2  2  0 ]	5/12
[ -1  -1  -2  -2  0 ]	5/-12
[ 1  1  2  1  1 ]	12/7
[ -1  -1  -2  -1  -1 ]	12/-7
[ 1  1  1  3  0 ]	3/11
[ -1  -1  -1  -3  0 ]	3/-11
[ 1  1  1  2  1 ]	11/8
[ -1  -1  -1  -2  -1 ]	11/-8
[ 1  1  1  1  2 ]	13/5
[ -1  -1  -1  -1  -2 ]	13/-5
[ 1  1  1  1  1  1  0 ]	8/13
[ -1  -1  -1  -1  -1  -1  0 ]	8/-13
[ 7 ]	7/1
[ -7 ]	7/-1
[ 6  1  0 ]	6/7
[ -6  -1  0 ]	6/-7
[ 5  2  0 ]	5/11
[ -5  -2  0 ]	5/-11
[ 5  1  1 ]	11/6
[ -5  -1  -1 ]	11/-6
[ 4  3  0 ]	4/13
[ -4  -3  0 ]	4/-13
[ 4  2  1 ]	13/9
[ -4  -2  -1 ]	13/-9
[ 4  1  2 ]	14/5
[ -4  -1  -2 ]	14/-5
[ 4  1  1  1  0 ]	9/14
[ -4  -1  -1  -1  0 ]	9/-14
[ 3  4  0 ]	3/13
[ -3  -4  0 ]	3/-13
[ 3  3  1 ]	13/10
[ -3  -3  -1 ]	13/-10
[ 3  2  2 ]	17/7
[ -3  -2  -2 ]	17/-7
[ 3  2  1  1  0 ]	10/17
[ -3  -2  -1  -1  0 ]	10/-17
[ 3  1  3 ]	15/4
[ -3  -1  -3 ]	15/-4
[ 3  1  2  1  0 ]	11/15
[ -3  -1  -2  -1  0 ]	11/-15
[ 3  1  1  2  0 ]	7/18
[ -3  -1  -1  -2  0 ]	7/-18
[ 3  1  1  1  1 ]	18/11
[ -3  -1  -1  -1  -1 ]	18/-11
[ 2  5  0 ]	2/11
[ -2  -5  0 ]	2/-11
[ 2  4  1 ]	11/9
[ -2  -4  -1 ]	11/-9
[ 2  3  2 ]	16/7
[ -2  -3  -2 ]	16/-7
[ 2  3  1  1  0 ]	9/16
[ -2  -3  -1  -1  0 ]	9/-16
[ 2  2  3 ]	17/5
[ -2  -2  -3 ]	17/-5
[ 2  2  2  1  0 ]	12/17
[ -2  -2  -2  -1  0 ]	12/-17
[ 2  2  1  2  0 ]	7/19
[ -2  -2  -1  -2  0 ]	7/-19
[ 2  2  1  1  1 ]	19/12
[ -2  -2  -1  -1  -1 ]	19/-12
[ 2  1  4 ]	14/3
[ -2  -1  -4 ]	14/-3
[ 2  1  3  1  0 ]	11/14
[ -2  -1  -3  -1  0 ]	11/-14
[ 2  1  2  2  0 ]	8/19
[ -2  -1  -2  -2  0 ]	8/-19
[ 2  1  2  1  1 ]	19/11
[ -2  -1  -2  -1  -1 ]	19/-11
[ 2  1  1  3  0 ]	5/18
[ -2  -1  -1  -3  0 ]	5/-18
[ 2  1  1  2  1 ]	18/13
[ -2  -1  -1  -2  -1 ]	18/-13
[ 2  1  1  1  2 ]	21/8
[ -2  -1  -1  -1  -2 ]	21/-8
[ 2  1  1  1  1  1  0 ]	13/21
[ -2  -1  -1  -1  -1  -1  0 ]	13/-21
[ 1  6  0 ]	1/7
[ -1  -6  0 ]	1/-7
[ 1  5  1 ]	7/6
[ -1  -5  -1 ]	7/-6
[ 1  4  2 ]	11/5
[ -1  -4  -2 ]	11/-5
[ 1  4  1  1  0 ]	6/11
[ -1  -4  -1  -1  0 ]	6/-11
[ 1  3  3 ]	13/4
[ -1  -3  -3 ]	13/-4
[ 1  3  2  1  0 ]	9/13
[ -1  -3  -2  -1  0 ]	9/-13
[ 1  3  1  2  0 ]	5/14
[ -1  -3  -1  -2  0 ]	5/-14
[ 1  3  1  1  1 ]	14/9
[ -1  -3  -1  -1  -1 ]	14/-9
[ 1  2  4 ]	13/3
[ -1  -2  -4 ]	13/-3
[ 1  2  3  1  0 ]	10/13
[ -1  -2  -3  -1  0 ]	10/-13
[ 1  2  2  2  0 ]	7/17
[ -1  -2  -2  -2  0 ]	7/-17
[ 1  2  2  1  1 ]	17/10
[ -1  -2  -2  -1  -1 ]	17/-10
[ 1  2  1  3  0 ]	4/15
[ -1  -2  -1  -3  0 ]	4/-15
[ 1  2  1  2  1 ]	15/11
[ -1  -2  -1  -2  -1 ]	15/-11
[ 1  2  1  1  2 ]	18/7
[ -1  -2  -1  -1  -2 ]	18/-7
[ 1  2  1  1  1  1  0 ]	11/18
[ -1  -2  -1  -1  -1  -1  0 ]	11/-18
[ 1  1  5 ]	11/2
[ -1  -1  -5 ]	11/-2
[ 1  1  4  1  0 ]	9/11
[ -1  -1  -4  -1  0 ]	9/-11
[ 1  1  3  2  0 ]	7/16
[ -1  -1  -3  -2  0 ]	7/-16
[ 1  1  3  1  1 ]	16/9
[ -1  -1  -3  -1  -1 ]	16/-9
[ 1  1  2  3  0 ]	5/17
[ -1  -1  -2  -3  0 ]	5/-17
[ 1  1  2  2  1 ]	17/12
[ -1  -1  -2  -2  -1 ]	17/-12
[ 1  1  2  1  2 ]	19/7
[ -1  -1  -2  -1  -2 ]	19/-7
[ 1  1  2  1  1  1  0 ]	12/19
[ -1  -1  -2  -1  -1  -1  0 ]	12/-19
[ 1  1  1  4  0 ]	3/14
[ -1  -1  -1  -4  0 ]	3/-14
[ 1  1  1  3  1 ]	14/11
[ -1  -1  -1  -3  -1 ]	14/-11
[ 1  1  1  2  2 ]	19/8
[ -1  -1  -1  -2  -2 ]	19/-8
[ 1  1  1  2  1  1  0 ]	11/19
[ -1  -1  -1  -2  -1  -1  0 ]	11/-19
[ 1  1  1  1  3 ]	18/5
[ -1  -1  -1  -1  -3 ]	18/-5
[ 1  1  1  1  2  1  0 ]	13/18
[ -1  -1  -1  -1  -2  -1  0 ]	13/-18
[ 1  1  1  1  1  2  0 ]	8/21
[ -1  -1  -1  -1  -1  -2  0 ]	8/-21
[ 1  1  1  1  1  1  1 ]	21/13
[ -1  -1  -1  -1  -1  -1  -1 ]	21/-13
[ 8 ]	8/1
[ -8 ]	8/-1
[ 7  1  0 ]	7/8
[ -7  -1  0 ]	7/-8
[ 6  2  0 ]	6/13
[ -6  -2  0 ]	6/-13
[ 6  1  1 ]	13/7
[ -6  -1  -1 ]	13/-7
[ 5  3  0 ]	5/16
[ -5  -3  0 ]	5/-16
[ 5  2  1 ]	16/11
[ -5  -2  -1 ]	16/-11
[ 5  1  2 ]	17/6
[ -5  -1  -2 ]	17/-6
[ 5  1  1  1  0 ]	11/17
[ -5  -1  -1  -1  0 ]	11/-17
[ 4  4  0 ]	4/17
[ -4  -4  0 ]	4/-17
[ 4  3  1 ]	17/13
[ -4  -3  -1 ]	17/-13
[ 4  2  2 ]	22/9
[ -4  -2  -2 ]	22/-9
[ 4  2  1  1  0 ]	13/22
[ -4  -2  -1  -1  0 ]	13/-22
[ 4  1  3 ]	19/5
[ -4  -1  -3 ]	19/-5
[ 4  1  2  1  0 ]	14/19
[ -4  -1  -2  -1  0 ]	14/-19
[ 4  1  1  2  0 ]	9/23
[ -4  -1  -1  -2  0 ]	9/-23
[ 4  1  1  1  1 ]	23/14
[ -4  -1  -1  -1  -1 ]	23/-14
[ 3  5  0 ]	3/16
[ -3  -5  0 ]	3/-16
[ 3  4  1 ]	16/13
[ -3  -4  -1 ]	16/-13
[ 3  3  2 ]	23/10
[ -3  -3  -2 ]	23/-10
[ 3  3  1  1  0 ]	13/23
[ -3  -3  -1  -1  0 ]	13/-23
[ 3  2  3 ]	24/7
[ -3  -2  -3 ]	24/-7
[ 3  2  2  1  0 ]	17/24
[ -3  -2  -2  -1  0 ]	17/-24
[ 3  2  1  2  0 ]	10/27
[ -3  -2  -1  -2  0 ]	10/-27
[ 3  2  1  1  1 ]	27/17
[ -3  -2  -1  -1  -1 ]	27/-17
[ 3  1  4 ]	19/4
[ -3  -1  -4 ]	19/-4
[ 3  1  3  1  0 ]	15/19
[ -3  -1  -3  -1  0 ]	15/-19
[ 3  1  2  2  0 ]	11/26
[ -3  -1  -2  -2  0 ]	11/-26
[ 3  1  2  1  1 ]	26/15
[ -3  -1  -2  -1  -1 ]	26/-15
[ 3  1  1  3  0 ]	7/25
[ -3  -1  -1  -3  0 ]	7/-25
[ 3  1  1  2  1 ]	25/18
[ -3  -1  -1  -2  -1 ]	25/-18
[ 3  1  1  1  2 ]	29/11
[ -3  -1  -1  -1  -2 ]	29/-11
[ 3  1  1  1  1  1  0 ]	18/29
[ -3  -1  -1  -1  -1  -1  0 ]	18/-29
[ 2  6  0 ]	2/13
[ -2  -6  0 ]	2/-13
[ 2  5  1 ]	13/11
[ -2  -5  -1 ]	13/-11
[ 2  4  2 ]	20/9
[ -2  -4  -2 ]	20/-9
[ 2  4  1  1  0 ]	11/20
[ -2  -4  -1  -1  0 ]	11/-20
[ 2  3  3 ]	23/7
[ -2  -3  -3 ]	23/-7
[ 2  3  2  1  0 ]	16/23
[ -2  -3  -2  -1  0 ]	16/-23
[ 2  3  1  2  0 ]	9/25
[ -2  -3  -1  -2  0 ]	9/-25
[ 2  3  1  1  1 ]	25/16
[ -2  -3  -1  -1  -1 ]	25/-16
[ 2  2  4 ]	22/5
[ -2  -2  -4 ]	22/-5
[ 2  2  3  1  0 ]	17/22
[ -2  -2  -3  -1  0 ]	17/-22
[ 2  2  2  2  0 ]	12/29
[ -2  -2  -2  -2  0 ]	12/-29
[ 2  2  2  1  1 ]	29/17
[ -2  -2  -2  -1  -1 ]	29/-17
[ 2  2  1  3  0 ]	7/26
[ -2  -2  -1  -3  0 ]	7/-26
[ 2  2  1  2  1 ]	26/19
[ -2  -2  -1  -2  -1 ]	26/-19
[ 2  2  1  1  2 ]	31/12
[ -2  -2  -1  -1  -2 ]	31/-12
[ 2  2  1  1  1  1  0 ]	19/31
[ -2  -2  -1  -1  -1  -1  0 ]	19/-31
[ 2  1  5 ]	17/3
[ -2  -1  -5 ]	17/-3
[ 2  1  4  1  0 ]	14/17
[ -2  -1  -4  -1  0 ]	14/-17
[ 2  1  3  2  0 ]	11/25
[ -2  -1  -3  -2  0 ]	11/-25
[ 2  1  3  1  1 ]	25/14
[ -2  -1  -3  -1  -1 ]	25/-14
[ 2  1  2  3  0 ]	8/27
[ -2  -1  -2  -3  0 ]	8/-27
[ 2  1  2  2  1 ]	27/19
[ -2  -1  -2  -2  -1 ]	27/-19
[ 2  1  2  1  2 ]	30/11
[ -2  -1  -2  -1  -2 ]	30/-11
[ 2  1  2  1  1  1  0 ]	19/30
[ -2  -1  -2  -1  -1  -1  0 ]	19/-30
[ 2  1  1  4  0 ]	5/23
[ -2  -1  -1  -4  0 ]	5/-23
[ 2  1  1  3  1 ]	23/18
[ -2  -1  -1  -3  -1 ]	23/-18
[ 2  1  1  2  2 ]	31/13
[ -2  -1  -1  -2  -2 ]	31/-13
[ 2  1  1  2  1  1  0 ]	18/31
[ -2  -1  -1  -2  -1  -1  0 ]	18/-31
[ 2  1  1  1  3 ]	29/8
[ -2  -1  -1  -1  -3 ]	29/-8
[ 2  1  1  1  2  1  0 ]	21/29
[ -2  -1  -1  -1  -2  -1  0 ]	21/-29
[ 2  1  1  1  1  2  0 ]	13/34
[ -2  -1  -1  -1  -1  -2  0 ]	13/-34
[ 2  1  1  1  1  1  1 ]	34/21
[ -2  -1  -1  -1  -1  -1  -1 ]	34/-21
[ 1  7  0 ]	1/8
[ -1  -7  0 ]	1/-8
[ 1  6  1 ]	8/7
[ -1  -6  -1 ]	8/-7
[ 1  5  2 ]	13/6
[ -1  -5  -2 ]	13/-6
[ 1  5  1  1  0 ]	7/13
[ -1  -5  -1  -1  0 ]	7/-13
[ 1  4  3 ]	16/5
[ -1  -4  -3 ]	16/-5
[ 1  4  2  1  0 ]	11/16
[ -1  -4  -2  -1  0 ]	11/-16
[ 1  4  1  2  0 ]	6/17
[ -1  -4  -1  -2  0 ]	6/-17
[ 1  4  1  1  1 ]	17/11
[ -1  -4  -1  -1  -1 ]	17/-11
[ 1  3  4 ]	17/4
[ -1  -3  -4 ]	17/-4
[ 1  3  3  1  0 ]	13/17
[ -1  -3  -3  -1  0 ]	13/-17
[ 1  3  2  2  0 ]	9/22
[ -1  -3  -2  -2  0 ]	9/-22
[ 1  3  2  1  1 ]	22/13
[ -1  -3  -2  -1  -1 ]	22/-13
[ 1  3  1  3  0 ]	5/19
[ -1  -3  -1  -3  0 ]	5/-19
[ 1  3  1  2  1 ]	19/14
[ -1  -3  -1  -2  -1 ]	19/-14
[ 1  3  1  1  2 ]	23/9
[ -1  -3  -1  -1  -2 ]	23/-9
[ 1  3  1  1  1  1  0 ]	14/23
[ -1  -3  -1  -1  -1  -1  0 ]	14/-23
[ 1  2  5 ]	16/3
[ -1  -2  -5 ]	16/-3
[ 1  2  4  1  0 ]	13/16
[ -1  -2  -4  -1  0 ]	13/-16
[ 1  2  3  2  0 ]	10/23
[ -1  -2  -3  -2  0 ]	10/-23
[ 1  2  3  1  1 ]	23/13
[ -1  -2  -3  -1  -1 ]	23/-13
[ 1  2  2  3  0 ]	7/24
[ -1  -2  -2  -3  0 ]	7/-24
[ 1  2  2  2  1 ]	24/17
[ -1  -2  -2  -2  -1 ]	24/-17
[ 1  2  2  1  2 ]	27/10
[ -1  -2  -2  -1  -2 ]	27/-10
[ 1  2  2  1  1  1  0 ]	17/27
[ -1  -2  -2  -1  -1  -1  0 ]	17/-27
[ 1  2  1  4  0 ]	4/19
[ -1  -2  -1  -4  0 ]	4/-19
[ 1  2  1  3  1 ]	19/15
[ -1  -2  -1  -3  -1 ]	19/-15
[ 1  2  1  2  2 ]	26/11
[ -1  -2  -1  -2  -2 ]	26/-11
[ 1  2  1  2  1  1  0 ]	15/26
[ -1  -2  -1  -2  -1  -1  0 ]	15/-26
[ 1  2  1  1  3 ]	25/7
[ -1  -2  -1  -1  -3 ]	25/-7
[ 1  2  1  1  2  1  0 ]	18/25
[ -1  -2  -1  -1  -2  -1  0 ]	18/-25
[ 1  2  1  1  1  2  0 ]	11/29
[ -1  -2  -1  -1  -1  -2  0 ]	11/-29
[ 1  2  1  1  1  1  1 ]	29/18
[ -1  -2  -1  -1  -1  -1  -1 ]	29/-18
[ 1  1  6 ]	13/2
[ -1  -1  -6 ]	13/-2
[ 1  1  5  1  0 ]	11/13
[ -1  -1  -5  -1  0 ]	11/-13
[ 1  1  4  2  0 ]	9/20
[ -1  -1  -4  -2  0 ]	9/-20
[ 1  1  4  1  1 ]	20/11
[ -1  -1  -4  -1  -1 ]	20/-11
[ 1  1  3  3  0 ]	7/23
[ -1  -1  -3  -3  0 ]	7/-23
[ 1  1  3  2  1 ]	23/16
[ -1  -1  -3  -2  -1 ]	23/-16
[ 1  1  3  1  2 ]	25/9
[ -1  -1  -3  -1  -2 ]	25/-9
[ 1  1  3  1  1  1  0 ]	16/25
[ -1  -1  -3  -1  -1  -1  0 ]	16/-25
[ 1  1  2  4  0 ]	5/22
[ -1  -1  -2  -4  0 ]	5/-22
[ 1  1  2  3  1 ]	22/17
[ -1  -1  -2  -3  -1 ]	22/-17
[ 1  1  2  2  2 ]	29/12
[ -1  -1  -2  -2  -2 ]	29/-12
[ 1  1  2  2  1  1  0 ]	17/29
[ -1  -1  -2  -2  -1  -1  0 ]	17/-29
[ 1  1  2  1  3 ]	26/7
[ -1  -1  -2  -1  -3 ]	26/-7
[ 1  1  2  1  2  1  0 ]	19/26
[ -1  -1  -2  -1  -2  -1  0 ]	19/-26
[ 1  1  2  1  1  2  0 ]	12/31
[ -1  -1  -2  -1  -1  -2  0 ]	12/-31
[ 1  1  2  1  1  1  1 ]	31/19
[ -1  -1  -2  -1  -1  -1  -1 ]	31/-19
[ 1  1  1  5  0 ]	3/17
[ -1  -1  -1  -5  0 ]	3/-17
[ 1  1  1  4  1 ]	17/14
[ -1  -1  -1  -4  -1 ]	17/-14
[ 1  1  1  3  2 ]	25/11
[ -1  -1  -1  -3  -2 ]	25/-11
[ 1  1  1  3  1  1  0 ]	14/25
[ -1  -1  -1  -3  -1  -1  0 ]	14/-25
[ 1  1  1  2  3 ]	27/8
[ -1  -1  -1  -2  -3 ]	27/-8
[ 1  1  1  2  2  1  0 ]	19/27
[ -1  -1  -1  -2  -2  -1  0 ]	19/-27
[ 1  1  1  2  1  2  0 ]	11/30
[ -1  -1  -1  -2  -1  -2  0 ]	11/-30
[ 1  1  1  2  1  1  1 ]	30/19
[ -1  -1  -1  -2  -1  -1  -1 ]	30/-19
[ 1  1  1  1  4 ]	23/5
[ -1  -1  -1  -1  -4 ]	23/-5
[ 1  1  1  1  3  1  0 ]	18/23
[ -1  -1  -1  -1  -3  -1  0 ]	18/-23
[ 1  1  1  1  2  2  0 ]	13/31
[ -1  -1  -1  -1  -2  -2  0 ]	13/-31
[ 1  1  1  1  2  1  1 ]	31/18
[ -1  -1  -1  -1  -2  -1  -1 ]	31/-18
[ 1  1  1  1  1  3  0 ]	8/29
[ -1  -1  -1  -1  -1  -3  0 ]	8/-29
[ 1  1  1  1  1  2  1 ]	29/21
[ -1  -1  -1  -1  -1  -2  -1 ]	29/-21
[ 1  1  1  1  1  1  2 ]	34/13
[ -1  -1  -1  -1  -1  -1  -2 ]	34/-13
[ 1  1  1  1  1  1  1  1  0 ]	21/34
[ -1  -1  -1  -1  -1  -1  -1  -1  0 ]	21/-34
[ 9 ]	9/1
[ -9 ]	9/-1
[ 8  1  0 ]	8/9
[ -8  -1  0 ]	8/-9
[ 7  2  0 ]	7/15
[ -7  -2  0 ]	7/-15
[ 7  1  1 ]	15/8
[ -7  -1  -1 ]	15/-8
[ 6  3  0 ]	6/19
[ -6  -3  0 ]	6/-19
[ 6  2  1 ]	19/13
[ -6  -2  -1 ]	19/-13
[ 6  1  2 ]	20/7
[ -6  -1  -2 ]	20/-7
[ 6  1  1  1  0 ]	13/20
[ -6  -1  -1  -1  0 ]	13/-20
[ 5  4  0 ]	5/21
[ -5  -4  0 ]	5/-21
[ 5  3  1 ]	21/16
[ -5  -3  -1 ]	21/-16
[ 5  2  2 ]	27/11
[ -5  -2  -2 ]	27/-11
[ 5  2  1  1  0 ]	16/27
[ -5  -2  -1  -1  0 ]	16/-27
[ 5  1  3 ]	23/6
[ -5  -1  -3 ]	23/-6
[ 5  1  2  1  0 ]	17/23
[ -5  -1  -2  -1  0 ]	17/-23
[ 5  1  1  2  0 ]	11/28
[ -5  -1  -1  -2  0 ]	11/-28
[ 5  1  1  1  1 ]	28/17
[ -5  -1  -1  -1  -1 ]	28/-17
[ 4  5  0 ]	4/21
[ -4  -5  0 ]	4/-21
[ 4  4  1 ]	21/17
[ -4  -4  -1 ]	21/-17
[ 4  3  2 ]	30/13
[ -4  -3  -2 ]	30/-13
[ 4  3  1  1  0 ]	17/30
[ -4  -3  -1  -1  0 ]	17/-30
[ 4  2  3 ]	31/9
[ -4  -2  -3 ]	31/-9
[ 4  2  2  1  0 ]	22/31
[ -4  -2  -2  -1  0 ]	22/-31
[ 4  2  1  2  0 ]	13/35
[ -4  -2  -1  -2  0 ]	13/-35
[ 4  2  1  1  1 ]	35/22
[ -4  -2  -1  -1  -1 ]	35/-22
[ 4  1  4 ]	24/5
[ -4  -1  -4 ]	24/-5
[ 4  1  3  1  0 ]	19/24
[ -4  -1  -3  -1  0 ]	19/-24
[ 4  1  2  2  0 ]	14/33
[ -4  -1  -2  -2  0 ]	14/-33
[ 4  1  2  1  1 ]	33/19
[ -4  -1  -2  -1  -1 ]	33/-19
[ 4  1  1  3  0 ]	9/32
[ -4  -1  -1  -3  0 ]	9/-32
[ 4  1  1  2  1 ]	32/23
[ -4  -1  -1  -2  -1 ]	32/-23
[ 4  1  1  1  2 ]	37/14
[ -4  -1  -1  -1  -2 ]	37/-14
[ 4  1  1  1  1  1  0 ]	23/37
[ -4  -1  -1  -1  -1  -1  0 ]	23/-37
[ 3  6  0 ]	3/19
[ -3  -6  0 ]	3/-19
[ 3  5  1 ]	19/16
[ -3  -5  -1 ]	19/-16
[ 3  4  2 ]	29/13
[ -3  -4  -2 ]	29/-13
[ 3  4  1  1  0 ]	16/29
[ -3  -4  -1  -1  0 ]	16/-29
[ 3  3  3 ]	33/10
[ -3  -3  -3 ]	33/-10
[ 3  3  2  1  0 ]	23/33
[ -3  -3  -2  -1  0 ]	23/-33
[ 3  3  1  2  0 ]	13/36
[ -3  -3  -1  -2  0 ]	13/-36
[ 3  3  1  1  1 ]	36/23
[ -3  -3  -1  -1  -1 ]	36/-23
[ 3  2  4 ]	31/7
[ -3  -2  -4 ]	31/-7
[ 3  2  3  1  0 ]	24/31
[ -3  -2  -3  -1  0 ]	24/-31
[ 3  2  2  2  0 ]	17/41
[ -3  -2  -2  -2  0 ]	17/-41
[ 3  2  2  1  1 ]	41/24
[ -3  -2  -2  -1  -1 ]	41/-24
[ 3  2  1  3  0 ]	10/37
[ -3  -2  -1  -3  0 ]	10/-37
[ 3  2  1  2  1 ]	37/27
[ -3  -2  -1  -2  -1 ]	37/-27
[ 3  2  1  1  2 ]	44/17
[ -3  -2  -1  -1  -2 ]	44/-17
[ 3  2  1  1  1  1  0 ]	27/44
[ -3  -2  -1  -1  -1  -1  0 ]	27/-44
[ 3  1  5 ]	23/4
[ -3  -1  -5 ]	23/-4
[ 3  1  4  1  0 ]	19/23
[ -3  -1  -4  -1  0 ]	19/-23
[ 3  1  3  2  0 ]	15/34
[ -3  -1  -3  -2  0 ]	15/-34
[ 3  1  3  1  1 ]	34/19
[ -3  -1  -3  -1  -1 ]	34/-19
[ 3  1  2  3  0 ]	11/37
[ -3  -1  -2  -3  0 ]	11/-37
[ 3  1  2  2  1 ]	37/26
[ -3  -1  -2  -2  -1 ]	37/-26
[ 3  1  2  1  2 ]	41/15
[ -3  -1  -2  -1  -2 ]	41/-15
[ 3  1  2  1  1  1  0 ]	26/41
[ -3  -1  -2  -1  -1  -1  0 ]	26/-41
[ 3  1  1  4  0 ]	7/32
[ -3  -1  -1  -4  0 ]	7/-32
[ 3  1  1  3  1 ]	32/25
[ -3  -1  -1  -3  -1 ]	32/-25
[ 3  1  1  2  2 ]	43/18
[ -3  -1  -1  -2  -2 ]	43/-18
[ 3  1  1  2  1  1  0 ]	25/43
[ -3  -1  -1  -2  -1  -1  0 ]	25/-43
[ 3  1  1  1  3 ]	40/11
[ -3  -1  -1  -1  -3 ]	40/-11
[ 3  1  1  1  2  1  0 ]	29/40
[ -3  -1  -1  -1  -2  -1  0 ]	29/-40
[ 3  1  1  1  1  2  0 ]	18/47
[ -3  -1  -1  -1  -1  -2  0 ]	18/-47
[ 3  1  1  1  1  1  1 ]	47/29
[ -3  -1  -1  -1  -1  -1  -1 ]	47/-29
[ 2  7  0 ]	2/15
[ -2  -7  0 ]	2/-15
[ 2  6  1 ]	15/13
[ -2  -6  -1 ]	15/-13
[ 2  5  2 ]	24/11
[ -2  -5  -2 ]	24/-11
[ 2  5  1  1  0 ]	13/24
[ -2  -5  -1  -1  0 ]	13/-24
[ 2  4  3 ]	29/9
[ -2  -4  -3 ]	29/-9
[ 2  4  2  1  0 ]	20/29
[ -2  -4  -2  -1  0 ]	20/-29
[ 2  4  1  2  0 ]	11/31
[ -2  -4  -1  -2  0 ]	11/-31
[ 2  4  1  1  1 ]	31/20
[ -2  -4  -1  -1  -1 ]	31/-20
[ 2  3  4 ]	30/7
[ -2  -3  -4 ]	30/-7
[ 2  3  3  1  0 ]	23/30
[ -2  -3  -3  -1  0 ]	23/-30
[ 2  3  2  2  0 ]	16/39
[ -2  -3  -2  -2  0 ]	16/-39
[ 2  3  2  1  1 ]	39/23
[ -2  -3  -2  -1  -1 ]	39/-23
[ 2  3  1  3  0 ]	9/34
[ -2  -3  -1  -3  0 ]	9/-34
[ 2  3  1  2  1 ]	34/25
[ -2  -3  -1  -2  -1 ]	34/-25
[ 2  3  1  1  2 ]	41/16
[ -2  -3  -1  -1  -2 ]	41/-16
[ 2  3  1  1  1  1  0 ]	25/41
[ -2  -3  -1  -1  -1  -1  0 ]	25/-41
[ 2  2  5 ]	27/5
[ -2  -2  -5 ]	27/-5
[ 2  2  4  1  0 ]	22/27
[ -2  -2  -4  -1  0 ]	22/-27
[ 2  2  3  2  0 ]	17/39
[ -2  -2  -3  -2  0 ]	17/-39
[ 2  2  3  1  1 ]	39/22
[ -2  -2  -3  -1  -1 ]	39/-22
[ 2  2  2  3  0 ]	12/41
[ -2  -2  -2  -3  0 ]	12/-41
[ 2  2  2  2  1 ]	41/29
[ -2  -2  -2  -2  -1 ]	41/-29
[ 2  2  2  1  2 ]	46/17
[ -2  -2  -2  -1  -2 ]	46/-17
[ 2  2  2  1  1  1  0 ]	29/46
[ -2  -2  -2  -1  -1  -1  0 ]	29/-46
[ 2  2  1  4  0 ]	7/33
[ -2  -2  -1  -4  0 ]	7/-33
[ 2  2  1  3  1 ]	33/26
[ -2  -2  -1  -3  -1 ]	33/-26
[ 2  2  1  2  2 ]	45/19
[ -2  -2  -1  -2  -2 ]	45/-19
[ 2  2  1  2  1  1  0 ]	26/45
[ -2  -2  -1  -2  -1  -1  0 ]	26/-45
[ 2  2  1  1  3 ]	43/12
[ -2  -2  -1  -1  -3 ]	43/-12
[ 2  2  1  1  2  1  0 ]	31/43
[ -2  -2  -1  -1  -2  -1  0 ]	31/-43
[ 2  2  1  1  1  2  0 ]	19/50
[ -2  -2  -1  -1  -1  -2  0 ]	19/-50
[ 2  2  1  1  1  1  1 ]	50/31
[ -2  -2  -1  -1  -1  -1  -1 ]	50/-31
[ 2  1  6 ]	20/3
[ -2  -1  -6 ]	20/-3
[ 2  1  5  1  0 ]	17/20
[ -2  -1  -5  -1  0 ]	17/-20
[ 2  1  4  2  0 ]	14/31
[ -2  -1  -4  -2  0 ]	14/-31
[ 2  1  4  1  1 ]	31/17
[ -2  -1  -4  -1  -1 ]	31/-17
[ 2  1  3  3  0 ]	11/36
[ -2  -1  -3  -3  0 ]	11/-36
[ 2  1  3  2  1 ]	36/25
[ -2  -1  -3  -2  -1 ]	36/-25
[ 2  1  3  1  2 ]	39/14
[ -2  -1  -3  -1  -2 ]	39/-14
[ 2  1  3  1  1  1  0 ]	25/39
[ -2  -1  -3  -1  -1  -1  0 ]	25/-39
[ 2  1  2  4  0 ]	8/35
[ -2  -1  -2  -4  0 ]	8/-35
[ 2  1  2  3  1 ]	35/27
[ -2  -1  -2  -3  -1 ]	35/-27
[ 2  1  2  2  2 ]	46/19
[ -2  -1  -2  -2  -2 ]	46/-19
[ 2  1  2  2  1  1  0 ]	27/46
[ -2  -1  -2  -2  -1  -1  0 ]	27/-46
[ 2  1  2  1  3 ]	41/11
[ -2  -1  -2  -1  -3 ]	41/-11
[ 2  1  2  1  2  1  0 ]	30/41
[ -2  -1  -2  -1  -2  -1  0 ]	30/-41
[ 2  1  2  1  1  2  0 ]	19/49
[ -2  -1  -2  -1  -1  -2  0 ]	19/-49
[ 2  1  2  1  1  1  1 ]	49/30
[ -2  -1  -2  -1  -1  -1  -1 ]	49/-30
[ 2  1  1  5  0 ]	5/28
[ -2  -1  -1  -5  0 ]	5/-28
[ 2  1  1  4  1 ]	28/23
[ -2  -1  -1  -4  -1 ]	28/-23
[ 2  1  1  3  2 ]	41/18
[ -2  -1  -1  -3  -2 ]	41/-18
[ 2  1  1  3  1  1  0 ]	23/41
[ -2  -1  -1  -3  -1  -1  0 ]	23/-41
[ 2  1  1  2  3 ]	44/13
[ -2  -1  -1  -2  -3 ]	44/-13
[ 2  1  1  2  2  1  0 ]	31/44
[ -2  -1  -1  -2  -2  -1  0 ]	31/-44
[ 2  1  1  2  1  2  0 ]	18/49
[ -2  -1  -1  -2  -1  -2  0 ]	18/-49
[ 2  1  1  2  1  1  1 ]	49/31
[ -2  -1  -1  -2  -1  -1  -1 ]	49/-31
[ 2  1  1  1  4 ]	37/8
[ -2  -1  -1  -1  -4 ]	37/-8
[ 2  1  1  1  3  1  0 ]	29/37
[ -2  -1  -1  -1  -3  -1  0 ]	29/-37
[ 2  1  1  1  2  2  0 ]	21/50
[ -2  -1  -1  -1  -2  -2  0 ]	21/-50
[ 2  1  1  1  2  1  1 ]	50/29
[ -2  -1  -1  -1  -2  -1  -1 ]	50/-29
[ 2  1  1  1  1  3  0 ]	13/47
[ -2  -1  -1  -1  -1  -3  0 ]	13/-47
[ 2  1  1  1  1  2  1 ]	47/34
[ -2  -1  -1  -1  -1  -2  -1 ]	47/-34
[ 2  1  1  1  1  1  2 ]	55/21
[ -2  -1  -1  -1  -1  -1  -2 ]	55/-21
[ 2  1  1  1  1  1  1  1  0 ]	34/55
[ -2  -1  -1  -1  -1  -1  -1  -1  0 ]	34/-55
[ 1  8  0 ]	1/9
[ -1  -8  0 ]	1/-9
[ 1  7  1 ]	9/8
[ -1  -7  -1 ]	9/-8
[ 1  6  2 ]	15/7
[ -1  -6  -2 ]	15/-7
[ 1  6  1  1  0 ]	8/15
[ -1  -6  -1  -1  0 ]	8/-15
[ 1  5  3 ]	19/6
[ -1  -5  -3 ]	19/-6
[ 1  5  2  1  0 ]	13/19
[ -1  -5  -2  -1  0 ]	13/-19
[ 1  5  1  2  0 ]	7/20
[ -1  -5  -1  -2  0 ]	7/-20
[ 1  5  1  1  1 ]	20/13
[ -1  -5  -1  -1  -1 ]	20/-13
[ 1  4  4 ]	21/5
[ -1  -4  -4 ]	21/-5
[ 1  4  3  1  0 ]	16/21
[ -1  -4  -3  -1  0 ]	16/-21
[ 1  4  2  2  0 ]	11/27
[ -1  -4  -2  -2  0 ]	11/-27
[ 1  4  2  1  1 ]	27/16
[ -1  -4  -2  -1  -1 ]	27/-16
[ 1  4  1  3  0 ]	6/23
[ -1  -4  -1  -3  0 ]	6/-23
[ 1  4  1  2  1 ]	23/17
[ -1  -4  -1  -2  -1 ]	23/-17
[ 1  4  1  1  2 ]	28/11
[ -1  -4  -1  -1  -2 ]	28/-11
[ 1  4  1  1  1  1  0 ]	17/28
[ -1  -4  -1  -1  -1  -1  0 ]	17/-28
[ 1  3  5 ]	21/4
[ -1  -3  -5 ]	21/-4
[ 1  3  4  1  0 ]	17/21
[ -1  -3  -4  -1  0 ]	17/-21
[ 1  3  3  2  0 ]	13/30
[ -1  -3  -3  -2  0 ]	13/-30
[ 1  3  3  1  1 ]	30/17
[ -1  -3  -3  -1  -1 ]	30/-17
[ 1  3  2  3  0 ]	9/31
[ -1  -3  -2  -3  0 ]	9/-31
[ 1  3  2  2  1 ]	31/22
[ -1  -3  -2  -2  -1 ]	31/-22
[ 1  3  2  1  2 ]	35/13
[ -1  -3  -2  -1  -2 ]	35/-13
[ 1  3  2  1  1  1  0 ]	22/35
[ -1  -3  -2  -1  -1  -1  0 ]	22/-35
[ 1  3  1  4  0 ]	5/24
[ -1  -3  -1  -4  0 ]	5/-24
[ 1  3  1  3  1 ]	24/19
[ -1  -3  -1  -3  -1 ]	24/-19
[ 1  3  1  2  2 ]	33/14
[ -1  -3  -1  -2  -2 ]	33/-14
[ 1  3  1  2  1  1  0 ]	19/33
[ -1  -3  -1  -2  -1  -1  0 ]	19/-33
[ 1  3  1  1  3 ]	32/9
[ -1  -3  -1  -1  -3 ]	32/-9
[ 1  3  1  1  2  1  0 ]	23/32
[ -1  -3  -1  -1  -2  -1  0 ]	23/-32
[ 1  3  1  1  1  2  0 ]	14/37
[ -1  -3  -1  -1  -1  -2  0 ]	14/-37
[ 1  3  1  1  1  1  1 ]	37/23
[ -1  -3  -1  -1  -1  -1  -1 ]	37/-23
[ 1  2  6 ]	19/3
[ -1  -2  -6 ]	19/-3
[ 1  2  5  1  0 ]	16/19
[ -1  -2  -5  -1  0 ]	16/-19
[ 1  2  4  2  0 ]	13/29
[ -1  -2  -4  -2  0 ]	13/-29
[ 1  2  4  1  1 ]	29/16
[ -1  -2  -4  -1  -1 ]	29/-16
[ 1  2  3  3  0 ]	10/33
[ -1  -2  -3  -3  0 ]	10/-33
[ 1  2  3  2  1 ]	33/23
[ -1  -2  -3  -2  -1 ]	33/-23
[ 1  2  3  1  2 ]	36/13
[ -1  -2  -3  -1  -2 ]	36/-13
[ 1  2  3  1  1  1  0 ]	23/36
[ -1  -2  -3  -1  -1  -1  0 ]	23/-36
[ 1  2  2  4  0 ]	7/31
[ -1  -2  -2  -4  0 ]	7/-31
[ 1  2  2  3  1 ]	31/24
[ -1  -2  -2  -3  -1 ]	31/-24
[ 1  2  2  2  2 ]	41/17
[ -1  -2  -2  -2  -2 ]	41/-17
[ 1  2  2  2  1  1  0 ]	24/41
[ -1  -2  -2  -2  -1  -1  0 ]	24/-41
[ 1  2  2  1  3 ]	37/10
[ -1  -2  -2  -1  -3 ]	37/-10
[ 1  2  2  1  2  1  0 ]	27/37
[ -1  -2  -2  -1  -2  -1  0 ]	27/-37
[ 1  2  2  1  1  2  0 ]	17/44
[ -1  -2  -2  -1  -1  -2  0 ]	17/-44
[ 1  2  2  1  1  1  1 ]	44/27
[ -1  -2  -2  -1  -1  -1  -1 ]	44/-27
[ 1  2  1  5  0 ]	4/23
[ -1  -2  -1  -5  0 ]	4/-23
[ 1  2  1  4  1 ]	23/19
[ -1  -2  -1  -4  -1 ]	23/-19
[ 1  2  1  3  2 ]	34/15
[ -1  -2  -1  -3  -2 ]	34/-15
[ 1  2  1  3  1  1  0 ]	19/34
[ -1  -2  -1  -3  -1  -1  0 ]	19/-34
[ 1  2  1  2  3 ]	37/11
[ -1  -2  -1  -2  -3 ]	37/-11
[ 1  2  1  2  2  1  0 ]	26/37
[ -1  -2  -1  -2  -2  -1  0 ]	26/-37
[ 1  2  1  2  1  2  0 ]	15/41
[ -1  -2  -1  -2  -1  -2  0 ]	15/-41
[ 1  2  1  2  1  1  1 ]	41/26
[ -1  -2  -1  -2  -1  -1  -1 ]	41/-26
[ 1  2  1  1  4 ]	32/7
[ -1  -2  -1  -1  -4 ]	32/-7
[ 1  2  1  1  3  1  0 ]	25/32
[ -1  -2  -1  -1  -3  -1  0 ]	25/-32
[ 1  2  1  1  2  2  0 ]	18/43
[ -1  -2  -1  -1  -2  -2  0 ]	18/-43
[ 1  2  1  1  2  1  1 ]	43/25
[ -1  -2  -1  -1  -2  -1  -1 ]	43/-25
[ 1  2  1  1  1  3  0 ]	11/40
[ -1  -2  -1  -1  -1  -3  0 ]	11/-40
[ 1  2  1  1  1  2  1 ]	40/29
[ -1  -2  -1  -1  -1  -2  -1 ]	40/-29
[ 1  2  1  1  1  1  2 ]	47/18
[ -1  -2  -1  -1  -1  -1  -2 ]	47/-18
[ 1  2  1  1  1  1  1  1  0 ]	29/47
[ -1  -2  -1  -1  -1  -1  -1  -1  0 ]	29/-47
[ 1  1  7 ]	15/2
[ -1  -1  -7 ]	15/-2
[ 1  1  6  1  0 ]	13/15
[ -1  -1  -6  -1  0 ]	13/-15
[ 1  1  5  2  0 ]	11/24
[ -1  -1  -5  -2  0 ]	11/-24
[ 1  1  5  1  1 ]	24/13
[ -1  -1  -5  -1  -1 ]	24/-13
[ 1  1  4  3  0 ]	9/29
[ -1  -1  -4  -3  0 ]	9/-29
[ 1  1  4  2  1 ]	29/20
[ -1  -1  -4  -2  -1 ]	29/-20
[ 1  1  4  1  2 ]	31/11
[ -1  -1  -4  -1  -2 ]	31/-11
[ 1  1  4  1  1  1  0 ]	20/31
[ -1  -1  -4  -1  -1  -1  0 ]	20/-31
[ 1  1  3  4  0 ]	7/30
[ -1  -1  -3  -4  0 ]	7/-30
[ 1  1  3  3  1 ]	30/23
[ -1  -1  -3  -3  -1 ]	30/-23
[ 1  1  3  2  2 ]	39/16
[ -1  -1  -3  -2  -2 ]	39/-16
[ 1  1  3  2  1  1  0 ]	23/39
[ -1  -1  -3  -2  -1  -1  0 ]	23/-39
[ 1  1  3  1  3 ]	34/9
[ -1  -1  -3  -1  -3 ]	34/-9
[ 1  1  3  1  2  1  0 ]	25/34
[ -1  -1  -3  -1  -2  -1  0 ]	25/-34
[ 1  1  3  1  1  2  0 ]	16/41
[ -1  -1  -3  -1  -1  -2  0 ]	16/-41
[ 1  1  3  1  1  1  1 ]	41/25
[ -1  -1  -3  -1  -1  -1  -1 ]	41/-25
[ 1  1  2  5  0 ]	5/27
[ -1  -1  -2  -5  0 ]	5/-27
[ 1  1  2  4  1 ]	27/22
[ -1  -1  -2  -4  -1 ]	27/-22
[ 1  1  2  3  2 ]	39/17
[ -1  -1  -2  -3  -2 ]	39/-17
[ 1  1  2  3  1  1  0 ]	22/39
[ -1  -1  -2  -3  -1  -1  0 ]	22/-39
[ 1  1  2  2  3 ]	41/12
[ -1  -1  -2  -2  -3 ]	41/-12
[ 1  1  2  2  2  1  0 ]	29/41
[ -1  -1  -2  -2  -2  -1  0 ]	29/-41
[ 1  1  2  2  1  2  0 ]	17/46
[ -1  -1  -2  -2  -1  -2  0 ]	17/-46
[ 1  1  2  2  1  1  1 ]	46/29
[ -1  -1  -2  -2  -1  -1  -1 ]	46/-29
[ 1  1  2  1  4 ]	33/7
[ -1  -1  -2  -1  -4 ]	33/-7
[ 1  1  2  1  3  1  0 ]	26/33
[ -1  -1  -2  -1  -3  -1  0 ]	26/-33
[ 1  1  2  1  2  2  0 ]	19/45
[ -1  -1  -2  -1  -2  -2  0 ]	19/-45
[ 1  1  2  1  2  1  1 ]	45/26
[ -1  -1  -2  -1  -2  -1  -1 ]	45/-26
[ 1  1  2  1  1  3  0 ]	12/43
[ -1  -1  -2  -1  -1  -3  0 ]	12/-43
[ 1  1  2  1  1  2  1 ]	43/31
[ -1  -1  -2  -1  -1  -2  -1 ]	43/-31
[ 1  1  2  1  1  1  2 ]	50/19
[ -1  -1  -2  -1  -1  -1  -2 ]	50/-19
[ 1  1  2  1  1  1  1  1  0 ]	31/50
[ -1  -1  -2  -1  -1  -1  -1  -1  0 ]	31/-50
[ 1  1  1  6  0 ]	3/20
[ -1  -1  -1  -6  0 ]	3/-20
[ 1  1  1  5  1 ]	20/17
[ -1  -1  -1  -5  -1 ]	20/-17
[ 1  1  1  4  2 ]	31/14
[ -1  -1  -1  -4  -2 ]	31/-14
[ 1  1  1  4  1  1  0 ]	17/31
[ -1  -1  -1  -4  -1  -1  0 ]	17/-31
[ 1  1  1  3  3 ]	36/11
[ -1  -1  -1  -3  -3 ]	36/-11
[ 1  1  1  3  2  1  0 ]	25/36
[ -1  -1  -1  -3  -2  -1  0 ]	25/-36
[ 1  1  1  3  1  2  0 ]	14/39
[ -1  -1  -1  -3  -1  -2  0 ]	14/-39
[ 1  1  1  3  1  1  1 ]	39/25
[ -1  -1  -1  -3  -1  -1  -1 ]	39/-25
[ 1  1  1  2  4 ]	35/8
[ -1  -1  -1  -2  -4 ]	35/-8
[ 1  1  1  2  3  1  0 ]	27/35
[ -1  -1  -1  -2  -3  -1  0 ]	27/-35
[ 1  1  1  2  2  2  0 ]	19/46
[ -1  -1  -1  -2  -2  -2  0 ]	19/-46
[ 1  1  1  2  2  1  1 ]	46/27
[ -1  -1  -1  -2  -2  -1  -1 ]	46/-27
[ 1  1  1  2  1  3  0 ]	11/41
[ -1  -1  -1  -2  -1  -3  0 ]	11/-41
[ 1  1  1  2  1  2  1 ]	41/30
[ -1  -1  -1  -2  -1  -2  -1 ]	41/-30
[ 1  1  1  2  1  1  2 ]	49/19
[ -1  -1  -1  -2  -1  -1  -2 ]	49/-19
[ 1  1  1  2  1  1  1  1  0 ]	30/49
[ -1  -1  -1  -2  -1  -1  -1  -1  0 ]	30/-49
[ 1  1  1  1  5 ]	28/5
[ -1  -1  -1  -1  -5 ]	28/-5
[ 1  1  1  1  4  1  0 ]	23/28
[ -1  -1  -1  -1  -4  -1  0 ]	23/-28
[ 1  1  1  1  3  2  0 ]	18/41
[ -1  -1  -1  -1  -3  -2  0 ]	18/-41
[ 1  1  1  1  3  1  1 ]	41/23
[ -1  -1  -1  -1  -3  -1  -1 ]	41/-23
[ 1  1  1  1  2  3  0 ]	13/44
[ -1  -1  -1  -1  -2  -3  0 ]	13/-44
[ 1  1  1  1  2  2  1 ]	44/31
[ -1  -1  -1  -1  -2  -2  -1 ]	44/-31
[ 1  1  1  1  2  1  2 ]	49/18
[ -1  -1  -1  -1  -2  -1  -2 ]	49/-18
[ 1  1  1  1  2  1  1  1  0 ]	31/49
[ -1  -1  -1  -1  -2  -1  -1  -1  0 ]	31/-49
[ 1  1  1  1  1  4  0 ]	8/37
[ -1  -1  -1  -1  -1  -4  0 ]	8/-37
[ 1  1  1  1  1  3  1 ]	37/29
[ -1  -1  -1  -1  -1  -3  -1 ]	37/-29
[ 1  1  1  1  1  2  2 ]	50/21
[ -1  -1  -1  -1  -1  -2  -2 ]	50/-21
[ 1  1  1  1  1  2  1  1  0 ]	29/50
[ -1  -1  -1  -1  -1  -2  -1  -1  0 ]	29/-50
[ 1  1  1  1  1  1  3 ]	47/13
[ -1  -1  -1  -1  -1  -1  -3 ]	47/-13
[ 1  1  1  1  1  1  2  1  0 ]	34/47
[ -1  -1  -1  -1  -1  -1  -2  -1  0 ]	34/-47
[ 1  1  1  1  1  1  1  2  0 ]	21/55
[ -1  -1  -1  -1  -1  -1  -1  -2  0 ]	21/-55
[ 1  1  1  1  1  1  1  1  1 ]	55/34
[ -1  -1  -1  -1  -1  -1  -1  -1  -1 ]	55/-34
[ 10  1  1  1  1  1  1  1  1  3 ]	1306/361
[ -10  -1  -1  -1  -1  -1  -1  -1  -1  3 ]	860/361
[ 9 ]	9/1
[ -9 ]	9/-1
[ 8 ]	8/1
[ -8 ]	8/-1
[ 8 ]	8/1
[ -8 ]	8/-1
[ 7 ]	7/1
[ -7 ]	7/-1
[ 7 ]	7/1
[ -7 ]	7/-1
[ 7 ]	7/1
[ -7 ]	7/-1
[ 7 ]	7/1
[ -7 ]	7/-1
[ 6 ]	6/1
[ -6 ]	6/-1
[ 6  3  1 ]	25/19
[ -6  -3  -1 ]	25/-19
[ 6  2  2 ]	32/13
[ -6  -2  -2 ]	32/-13
[]	32/-13
[]	32/-13
[]	32/-13
[]	32/-13
[]	32/-13
[]	32/-13
[]	32/-13
[]	32/-13
[]	32/-13
[]	32/-13
[]	32/-13
[]	32/-13
[]	32/-13
[]	32/-13
[]	32/-13
[]	32/-13
[]	32/-13
[]	32/-13
[ 5  2  3 ]	38/11
[ -5  -2  -3 ]	38/-11
[ 5  2  2  1  0 ]	27/38
[ -5  -2  -2  -1  0 ]	27/-38
[ 5  2  1  2  0 ]	16/43
[ -5  -2  -1  -2  0 ]	16/-43
[ 5  2  1  1  1 ]	43/27
[ -5  -2  -1  -1  -1 ]	43/-27
[ 5  1  4 ]	29/6
[ -5  -1  -4 ]	29/-6
[ 5  1  3  1  0 ]	23/29
[ -5  -1  -3  -1  0 ]	23/-29
[ 5  1  2  2  0 ]	17/40
[ -5  -1  -2  -2  0 ]	17/-40
[ 5  1  2  1  1 ]	40/23
[ -5  -1  -2  -1  -1 ]	40/-23
[ 5  1  1  3  0 ]	11/39
[ -5  -1  -1  -3  0 ]	11/-39
[ 5  1  1  2  1 ]	39/28
[ -5  -1  -1  -2  -1 ]	39/-28
[ 5  1  1  1  2 ]	45/17
[ -5  -1  -1  -1  -2 ]	45/-17
[ 5  1  1  1  1  1  0 ]	28/45
[ -5  -1  -1  -1  -1  -1  0 ]	28/-45
[ 4  6  0 ]	4/25
[ -4  -6  0 ]	4/-25
[ 4  5  1 ]	25/21
[ -4  -5  -1 ]	25/-21
[ 4  4  2 ]	38/17
[ -4  -4  -2 ]	38/-17
[ 4  4  1  1  0 ]	21/38
[ -4  -4  -1  -1  0 ]	21/-38
[ 4  3  3 ]	43/13
[ -4  -3  -3 ]	43/-13
[ 4  3  2  1  0 ]	30/43
[ -4  -3  -2  -1  0 ]	30/-43
[ 4  3  1  2  0 ]	17/47
[ -4  -3  -1  -2  0 ]	17/-47
[ 4  3  1  1  1 ]	47/30
[ -4  -3  -1  -1  -1 ]	47/-30
[ 4  2  4 ]	40/9
[ -4  -2  -4 ]	40/-9
[ 4  2  3  1  0 ]	31/40
[ -4  -2  -3  -1  0 ]	31/-40
[ 4  2  2  2  0 ]	22/53
[ -4  -2  -2  -2  0 ]	22/-53
[ 4  2  2  1  1 ]	53/31
[ -4  -2  -2  -1  -1 ]	53/-31
[ 4  2  1  3  0 ]	13/48
[ -4  -2  -1  -3  0 ]	13/-48
[ 4  2  1  2  1 ]	48/35
[ -4  -2  -1  -2  -1 ]	48/-35
[ 4  2  1  1  2 ]	57/22
[ -4  -2  -1  -1  -2 ]	57/-22
[ 4  2  1  1  1  1  0 ]	35/57
[ -4  -2  -1  -1  -1  -1  0 ]	35/-57
[ 4  1  5 ]	29/5
[ -4  -1  -5 ]	29/-5
[ 4  1  4  1  0 ]	24/29
[ -4  -1  -4  -1  0 ]	24/-29
[ 4  1  3  2  0 ]	19/43
[ -4  -1  -3  -2  0 ]	19/-43
[ 4  1  3  1  1 ]	43/24
[ -4  -1  -3  -1  -1 ]	43/-24
[ 4  1  2  3  0 ]	14/47
[ -4  -1  -2  -3  0 ]	14/-47
[ 4  1  2  2  1 ]	47/33
[ -4  -1  -2  -2  -1 ]	47/-33
[ 4  1  2  1  2 ]	52/19
[ -4  -1  -2  -1  -2 ]	52/-19
[ 4  1  2  1  1  1  0 ]	33/52
[ -4  -1  -2  -1  -1  -1  0 ]	33/-52
[ 4  1  1  4  0 ]	9/41
[ -4  -1  -1  -4  0 ]	9/-41
[ 4  1  1  3  1 ]	41/32
[ -4  -1  -1  -3  -1 ]	41/-32
[ 4  1  1  2  2 ]	55/23
[ -4  -1  -1  -2  -2 ]	55/-23
[ 4  1  1  2  1  1  0 ]	32/55
[ -4  -1  -1  -2  -1  -1  0 ]	32/-55
[ 4  1  1  1  3 ]	51/14
[ -4  -1  -1  -1  -3 ]	51/-14
[ 4  1  1  1  2  1  0 ]	37/51
[ -4  -1  -1  -1  -2  -1  0 ]	37/-51
[ 4  1  1  1  1  2  0 ]	23/60
[ -4  -1  -1  -1  -1  -2  0 ]	23/-60
[ 4  1  1  1  1  1  1 ]	60/37
[ -4  -1  -1  -1  -1  -1  -1 ]	60/-37
[ 3  7  0 ]	3/22
[ -3  -7  0 ]	3/-22
[ 3  6  1 ]	22/19
[ -3  -6  -1 ]	22/-19
[ 3  5  2 ]	35/16
[ -3  -5  -2 ]	35/-16
[ 3  5  1  1  0 ]	19/35
[ -3  -5  -1  -1  0 ]	19/-35
[ 3  4  3 ]	42/13
[ -3  -4  -3 ]	42/-13
[ 3  4  2  1  0 ]	29/42
[ -3  -4  -2  -1  0 ]	29/-42
[ 3  4  1  2  0 ]	16/45
[ -3  -4  -1  -2  0 ]	16/-45
[ 3  4  1  1  1 ]	45/29
[ -3  -4  -1  -1  -1 ]	45/-29
[ 3  3  4 ]	43/10
[ -3  -3  -4 ]	43/-10
[ 3  3  3  1  0 ]	33/43
[ -3  -3  -3  -1  0 ]	33/-43
[ 3  3  2  2  0 ]	23/56
[ -3  -3  -2  -2  0 ]	23/-56
[ 3  3  2  1  1 ]	56/33
[ -3  -3  -2  -1  -1 ]	56/-33
[ 3  3  1  3  0 ]	13/49
[ -3  -3  -1  -3  0 ]	13/-49
[ 3  3  1  2  1 ]	49/36
[ -3  -3  -1  -2  -1 ]	49/-36
[ 3  3  1  1  2 ]	59/23
[ -3  -3  -1  -1  -2 ]	59/-23
[ 3  3  1  1  1  1  0 ]	36/59
[ -3  -3  -1  -1  -1  -1  0 ]	36/-59
[ 3  2  5 ]	38/7
[ -3  -2  -5 ]	38/-7
[ 3  2  4  1  0 ]	31/38
[ -3  -2  -4  -1  0 ]	31/-38
[ 3  2  3  2  0 ]	24/55
[ -3  -2  -3  -2  0 ]	24/-55
[ 3  2  3  1  1 ]	55/31
[ -3  -2  -3  -1  -1 ]	55/-31
[ 3  2  2  3  0 ]	17/58
[ -3  -2  -2  -3  0 ]	17/-58
[ 3  2  2  2  1 ]	58/41
[ -3  -2  -2  -2  -1 ]	58/-41
[ 3  2  2  1  2 ]	65/24
[ -3  -2  -2  -1  -2 ]	65/-24
[ 3  2  2  1  1  1  0 ]	41/65
[ -3  -2  -2  -1  -1  -1  0 ]	41/-65
[ 3  2  1  4  0 ]	10/47
[ -3  -2  -1  -4  0 ]	10/-47
[ 3  2  1  3  1 ]	47/37
[ -3  -2  -1  -3  -1 ]	47/-37
[ 3  2  1  2  2 ]	64/27
[ -3  -2  -1  -2  -2 ]	64/-27
[ 3  2  1  2  1  1  0 ]	37/64
[ -3  -2  -1  -2  -1  -1  0 ]	37/-64
[ 3  2  1  1  3 ]	61/17
[ -3  -2  -1  -1  -3 ]	61/-17
[ 3  2  1  1  2  1  0 ]	44/61
[ -3  -2  -1  -1  -2  -1  0 ]	44/-61
[ 3  2  1  1  1  2  0 ]	27/71
[ -3  -2  -1  -1  -1  -2  0 ]	27/-71
[ 3  2  1  1  1  1  1 ]	71/44
[ -3  -2  -1  -1  -1  -1  -1 ]	71/-44
[ 3  1  6 ]	27/4
[ -3  -1  -6 ]	27/-4
[ 3  1  5  1  0 ]	23/27
[ -3  -1  -5  -1  0 ]	23/-27
[ 3  1  4  2  0 ]	19/42
[ -3  -1  -4  -2  0 ]	19/-42
[ 3  1  4  1  1 ]	42/23
[ -3  -1  -4  -1  -1 ]	42/-23
[ 3  1  3  3  0 ]	15/49
[ -3  -1  -3  -3  0 ]	15/-49
[ 3  1  3  2  1 ]	49/34
[ -3  -1  -3  -2  -1 ]	49/-34
[ 3  1  3  1  2 ]	53/19
[ -3  -1  -3  -1  -2 ]	53/-19
[ 3  1  3  1  1  1  0 ]	34/53
[ -3  -1  -3  -1  -1  -1  0 ]	34/-53
[ 3  1  2  4  0 ]	11/48
[ -3  -1  -2  -4  0 ]	11/-48
[ 3  1  2  3  1 ]	48/37
[ -3  -1  -2  -3  -1 ]	48/-37
[ 3  1  2  2  2 ]	63/26
[ -3  -1  -2  -2  -2 ]	63/-26
[ 3  1  2  2  1  1  0 ]	37/63
[ -3  -1  -2  -2  -1  -1  0 ]	37/-63
[ 3  1  2  1  3 ]	56/15
[ -3  -1  -2  -1  -3 ]	56/-15
[ 3  1  2  1  2  1  0 ]	41/56
[ -3  -1  -2  -1  -2  -1  0 ]	41/-56
[ 3  1  2  1  1  2  0 ]	26/67
[ -3  -1  -2  -1  -1  -2  0 ]	26/-67
[ 3  1  2  1  1  1  1 ]	67/41
[ -3  -1  -2  -1  -1  -1  -1 ]	67/-41
[ 3  1  1  5  0 ]	7/39
[ -3  -1  -1  -5  0 ]	7/-39
[ 3  1  1  4  1 ]	39/32
[ -3  -1  -1  -4  -1 ]	39/-32
[ 3  1  1  3  2 ]	57/25
[ -3  -1  -1  -3  -2 ]	57/-25
[ 3  1  1  3  1  1  0 ]	32/57
[ -3  -1  -1  -3  -1  -1  0 ]	32/-57
[ 3  1  1  2  3 ]	61/18
[ -3  -1  -1  -2  -3 ]	61/-18
[ 3  1  1  2  2  1  0 ]	43/61
[ -3  -1  -1  -2  -2  -1  0 ]	43/-61
[ 3  1  1  2  1  2  0 ]	25/68
[ -3  -1  -1  -2  -1  -2  0 ]	25/-68
[ 3  1  1  2  1  1  1 ]	68/43
[ -3  -1  -1  -2  -1  -1  -1 ]	68/-43
[ 3  1  1  1  4 ]	51/11
[ -3  -1  -1  -1  -4 ]	51/-11
[ 3  1  1  1  3  1  0 ]	40/51
[ -3  -1  -1  -1  -3  -1  0 ]	40/-51
[ 3  1  1  1  2  2  0 ]	29/69
[ -3  -1  -1  -1  -2  -2  0 ]	29/-69
[ 3  1  1  1  2  1  1 ]	69/40
[ -3  -1  -1  -1  -2  -1  -1 ]	69/-40
[ 3  1  1  1  1  3  0 ]	18/65
[ -3  -1  -1  -1  -1  -3  0 ]	18/-65
[ 3  1  1  1  1  2  1 ]	65/47
[ -3  -1  -1  -1  -1  -2  -1 ]	65/-47
[ 3  1  1  1  1  1  2 ]	76/29
[ -3  -1  -1  -1  -1  -1  -2 ]	76/-29
[ 3  1  1  1  1  1  1  1  0 ]	47/76
[ -3  -1  -1  -1  -1  -1  -1  -1  0 ]	47/-76
[ 2  8  0 ]	2/17
[ -2  -8  0 ]	2/-17
[ 2  7  1 ]	17/15
[ -2  -7  -1 ]	17/-15
[ 2  6  2 ]	28/13
[ -2  -6  -2 ]	28/-13
[ 2  6  1  1  0 ]	15/28
[ -2  -6  -1  -1  0 ]	15/-28
[ 2  5  3 ]	35/11
[ -2  -5  -3 ]	35/-11
[ 2  5  2  1  0 ]	24/35
[ -2  -5  -2  -1  0 ]	24/-35
[ 2  5  1  2  0 ]	13/37
[ -2  -5  -1  -2  0 ]	13/-37
[ 2  5  1  1  1 ]	37/24
[ -2  -5  -1  -1  -1 ]	37/-24
[ 2  4  4 ]	38/9
[ -2  -4  -4 ]	38/-9
[ 2  4  3  1  0 ]	29/38
[ -2  -4  -3  -1  0 ]	29/-38
[ 2  4  2  2  0 ]	20/49
[ -2  -4  -2  -2  0 ]	20/-49
[ 2  4  2  1  1 ]	49/29
[ -2  -4  -2  -1  -1 ]	49/-29
[ 2  4  1  3  0 ]	11/42
[ -2  -4  -1  -3  0 ]	11/-42
[ 2  4  1  2  1 ]	42/31
[ -2  -4  -1  -2  -1 ]	42/-31
[ 2  4  1  1  2 ]	51/20
[ -2  -4  -1  -1  -2 ]	51/-20
[ 2  4  1  1  1  1  0 ]	31/51
[ -2  -4  -1  -1  -1  -1  0 ]	31/-51
[ 2  3  5 ]	37/7
[ -2  -3  -5 ]	37/-7
[ 2  3  4  1  0 ]	30/37
[ -2  -3  -4  -1  0 ]	30/-37
[ 2  3  3  2  0 ]	23/53
[ -2  -3  -3  -2  0 ]	23/-53
[ 2  3  3  1  1 ]	53/30
[ -2  -3  -3  -1  -1 ]	53/-30
[ 2  3  2  3  0 ]	16/55
[ -2  -3  -2  -3  0 ]	16/-55
[ 2  3  2  2  1 ]	55/39
[ -2  -3  -2  -2  -1 ]	55/-39
[ 2  3  2  1  2 ]	62/23
[ -2  -3  -2  -1  -2 ]	62/-23
[ 2  3  2  1  1  1  0 ]	39/62
[ -2  -3  -2  -1  -1  -1  0 ]	39/-62
[ 2  3  1  4  0 ]	9/43
[ -2  -3  -1  -4  0 ]	9/-43
[ 2  3  1  3  1 ]	43/34
[ -2  -3  -1  -3  -1 ]	43/-34
[ 2  3  1  2  2 ]	59/25
[ -2  -3  -1  -2  -2 ]	59/-25
[ 2  3  1  2  1  1  0 ]	34/59
[ -2  -3  -1  -2  -1  -1  0 ]	34/-59
[ 2  3  1  1  3 ]	57/16
[ -2  -3  -1  -1  -3 ]	57/-16
[ 2  3  1  1  2  1  0 ]	41/57
[ -2  -3  -1  -1  -2  -1  0 ]	41/-57
[ 2  3  1  1  1  2  0 ]	25/66
[ -2  -3  -1  -1  -1  -2  0 ]	25/-66
[ 2  3  1  1  1  1  1 ]	66/41
[ -2  -3  -1  -1  -1  -1  -1 ]	66/-41
[ 2  2  6 ]	32/5
[ -2  -2  -6 ]	32/-5
[ 2  2  5  1  0 ]	27/32
[ -2  -2  -5  -1  0 ]	27/-32
[ 2  2  4  2  0 ]	22/49
[ -2  -2  -4  -2  0 ]	22/-49
[ 2  2  4  1  1 ]	49/27
[ -2  -2  -4  -1  -1 ]	49/-27
[ 2  2  3  3  0 ]	17/56
[ -2  -2  -3  -3  0 ]	17/-56
[ 2  2  3  2  1 ]	56/39
[ -2  -2  -3  -2  -1 ]	56/-39
[ 2  2  3  1  2 ]	61/22
[ -2  -2  -3  -1  -2 ]	61/-22
[ 2  2  3  1  1  1  0 ]	39/61
[ -2  -2  -3  -1  -1  -1  0 ]	39/-61
[ 2  2  2  4  0 ]	12/53
[ -2  -2  -2  -4  0 ]	12/-53
[ 2  2  2  3  1 ]	53/41
[ -2  -2  -2  -3  -1 ]	53/-41
[ 2  2  2  2  2 ]	70/29
[ -2  -2  -2  -2  -2 ]	70/-29
[ 2  2  2  2  1  1  0 ]	41/70
[ -2  -2  -2  -2  -1  -1  0 ]	41/-70
[ 2  2  2  1  3 ]	63/17
[ -2  -2  -2  -1  -3 ]	63/-17
[ 2  2  2  1  2  1  0 ]	46/63
[ -2  -2  -2  -1  -2  -1  0 ]	46/-63
[ 2  2  2  1  1  2  0 ]	29/75
[ -2  -2  -2  -1  -1  -2  0 ]	29/-75
[ 2  2  2  1  1  1  1 ]	75/46
[ -2  -2  -2  -1  -1  -1  -1 ]	75/-46
[ 2  2  1  5  0 ]	7/40
[ -2  -2  -1  -5  0 ]	7/-40
[ 2  2  1  4  1 ]	40/33
[ -2  -2  -1  -4  -1 ]	40/-33
[ 2  2  1  3  2 ]	59/26
[ -2  -2  -1  -3  -2 ]	59/-26
[ 2  2  1  3  1  1  0 ]	33/59
[ -2  -2  -1  -3  -1  -1  0 ]	33/-59
[ 2  2  1  2  3 ]	64/19
[ -2  -2  -1  -2  -3 ]	64/-19
[ 2  2  1  2  2  1  0 ]	45/64
[ -2  -2  -1  -2  -2  -1  0 ]	45/-64
[ 2  2  1  2  1  2  0 ]	26/71
[ -2  -2  -1  -2  -1  -2  0 ]	26/-71
[ 2  2  1  2  1  1  1 ]	71/45
[ -2  -2  -1  -2  -1  -1  -1 ]	71/-45
[ 2  2  1  1  4 ]	55/12
[ -2  -2  -1  -1  -4 ]	55/-12
[ 2  2  1  1  3  1  0 ]	43/55
[ -2  -2  -1  -1  -3  -1  0 ]	43/-55
[ 2  2  1  1  2  2  0 ]	31/74
[ -2  -2  -1  -1  -2  -2  0 ]	31/-74
[ 2  2  1  1  2  1  1 ]	74/43
[ -2  -2  -1  -1  -2  -1  -1 ]	74/-43
[ 2  2  1  1  1  3  0 ]	19/69
[ -2  -2  -1  -1  -1  -3  0 ]	19/-69
[ 2  2  1  1  1  2  1 ]	69/50
[ -2  -2  -1  -1  -1  -2  -1 ]	69/-50
[ 2  2  1  1  1  1  2 ]	81/31
[ -2  -2  -1  -1  -1  -1  -2 ]	81/-31
[ 2  2  1  1  1  1  1  1  0 ]	50/81
[ -2  -2  -1  -1  -1  -1  -1  -1  0 ]	50/-81
[ 2  1  7 ]	23/3
[ -2  -1  -7 ]	23/-3
[ 2  1  6  1  0 ]	20/23
[ -2  -1  -6  -1  0 ]	20/-23
[ 2  1  5  2  0 ]	17/37
[ -2  -1  -5  -2  0 ]	17/-37
[ 2  1  5  1  1 ]	37/20
[ -2  -1  -5  -1  -1 ]	37/-20
[ 2  1  4  3  0 ]	14/45
[ -2  -1  -4  -3  0 ]	14/-45
[ 2  1  4  2  1 ]	45/31
[ -2  -1  -4  -2  -1 ]	45/-31
[ 2  1  4  1  2 ]	48/17
[ -2  -1  -4  -1  -2 ]	48/-17
[ 2  1  4  1  1  1  0 ]	31/48
[ -2  -1  -4  -1  -1  -1  0 ]	31/-48
[ 2  1  3  4  0 ]	11/47
[ -2  -1  -3  -4  0 ]	11/-47
[ 2  1  3  3  1 ]	47/36
[ -2  -1  -3  -3  -1 ]	47/-36
[ 2  1  3  2  2 ]	61/25
[ -2  -1  -3  -2  -2 ]	61/-25
[ 2  1  3  2  1  1  0 ]	36/61
[ -2  -1  -3  -2  -1  -1  0 ]	36/-61
[ 2  1  3  1  3 ]	53/14
[ -2  -1  -3  -1  -3 ]	53/-14
[ 2  1  3  1  2  1  0 ]	39/53
[ -2  -1  -3  -1  -2  -1  0 ]	39/-53
[ 2  1  3  1  1  2  0 ]	25/64
[ -2  -1  -3  -1  -1  -2  0 ]	25/-64
[ 2  1  3  1  1  1  1 ]	64/39
[ -2  -1  -3  -1  -1  -1  -1 ]	64/-39
[ 2  1  2  5  0 ]	8/43
[ -2  -1  -2  -5  0 ]	8/-43
[ 2  1  2  4  1 ]	43/35
[ -2  -1  -2  -4  -1 ]	43/-35
[ 2  1  2  3  2 ]	62/27
[ -2  -1  -2  -3  -2 ]	62/-27
[ 2  1  2  3  1  1  0 ]	35/62
[ -2  -1  -2  -3  -1  -1  0 ]	35/-62
[ 2  1  2  2  3 ]	65/19
[ -2  -1  -2  -2  -3 ]	65/-19
[ 2  1  2  2  2  1  0 ]	46/65
[ -2  -1  -2  -2  -2  -1  0 ]	46/-65
[ 2  1  2  2  1  2  0 ]	27/73
[ -2  -1  -2  -2  -1  -2  0 ]	27/-73
[ 2  1  2  2  1  1  1 ]	73/46
[ -2  -1  -2  -2  -1  -1  -1 ]	73/-46
[ 2  1  2  1  4 ]	52/11
[ -2  -1  -2  -1  -4 ]	52/-11
[ 2  1  2  1  3  1  0 ]	41/52
[ -2  -1  -2  -1  -3  -1  0 ]	41/-52
[ 2  1  2  1  2  2  0 ]	30/71
[ -2  -1  -2  -1  -2  -2  0 ]	30/-71
[ 2  1  2  1  2  1  1 ]	71/41
[ -2  -1  -2  -1  -2  -1  -1 ]	71/-41
[ 2  1  2  1  1  3  0 ]	19/68
[ -2  -1  -2  -1  -1  -3  0 ]	19/-68
[ 2  1  2  1  1  2  1 ]	68/49
[ -2  -1  -2  -1  -1  -2  -1 ]	68/-49
[ 2  1  2  1  1  1  2 ]	79/30
[ -2  -1  -2  -1  -1  -1  -2 ]	79/-30
[ 2  1  2  1  1  1  1  1  0 ]	49/79
[ -2  -1  -2  -1  -1  -1  -1  -1  0 ]	49/-79
[ 2  1  1  6  0 ]	5/33
[ -2  -1  -1  -6  0 ]	5/-33
[ 2  1  1  5  1 ]	33/28
[ -2  -1  -1  -5  -1 ]	33/-28
[ 2  1  1  4  2 ]	51/23
[ -2  -1  -1  -4  -2 ]	51/-23
[ 2  1  1  4  1  1  0 ]	28/51
[ -2  -1  -1  -4  -1  -1  0 ]	28/-51
[ 2  1  1  3  3 ]	59/18
[ -2  -1  -1  -3  -3 ]	59/-18
[ 2  1  1  3  2  1  0 ]	41/59
[ -2  -1  -1  -3  -2  -1  0 ]	41/-59
[ 2  1  1  3  1  2  0 ]	23/64
[ -2  -1  -1  -3  -1  -2  0 ]	23/-64
[ 2  1  1  3  1  1  1 ]	64/41
[ -2  -1  -1  -3  -1  -1  -1 ]	64/-41
[ 2  1  1  2  4 ]	57/13
[ -2  -1  -1  -2  -4 ]	57/-13
[ 2  1  1  2  3  1  0 ]	44/57
[ -2  -1  -1  -2  -3  -1  0 ]	44/-57
[ 2  1  1  2  2  2  0 ]	31/75
[ -2  -1  -1  -2  -2  -2  0 ]	31/-75
[ 2  1  1  2  2  1  1 ]	75/44
[ -2  -1  -1  -2  -2  -1  -1 ]	75/-44
[ 2  1  1  2  1  3  0 ]	18/67
[ -2  -1  -1  -2  -1  -3  0 ]	18/-67
[ 2  1  1  2  1  2  1 ]	67/49
[ -2  -1  -1  -2  -1  -2  -1 ]	67/-49
[ 2  1  1  2  1  1  2 ]	80/31
[ -2  -1  -1  -2  -1  -1  -2 ]	80/-31
[ 2  1  1  2  1  1  1  1  0 ]	49/80
[ -2  -1  -1  -2  -1  -1  -1  -1  0 ]	49/-80
[ 2  1  1  1  5 ]	45/8
[ -2  -1  -1  -1  -5 ]	45/-8
[ 2  1  1  1  4  1  0 ]	37/45
[ -2  -1  -1  -1  -4  -1  0 ]	37/-45
[ 2  1  1  1  3  2  0 ]	29/66
[ -2  -1  -1  -1  -3  -2  0 ]	29/-66
[ 2  1  1  1  3  1  1 ]	66/37
[ -2  -1  -1  -1  -3  -1  -1 ]	66/-37
[ 2  1  1  1  2  3  0 ]	21/71
[ -2  -1  -1  -1  -2  -3  0 ]	21/-71
[ 2  1  1  1  2  2  1 ]	71/50
[ -2  -1  -1  -1  -2  -2  -1 ]	71/-50
[ 2  1  1  1  2  1  2 ]	79/29
[ -2  -1  -1  -1  -2  -1  -2 ]	79/-29
[ 2  1  1  1  2  1  1  1  0 ]	50/79
[ -2  -1  -1  -1  -2  -1  -1  -1  0 ]	50/-79
[ 2  1  1  1  1  4  0 ]	13/60
[ -2  -1  -1  -1  -1  -4  0 ]	13/-60
[ 2  1  1  1  1  3  1 ]	60/47
[ -2  -1  -1  -1  -1  -3  -1 ]	60/-47
[ 2  1  1  1  1  2  2 ]	81/34
[ -2  -1  -1  -1  -1  -2  -2 ]	81/-34
[ 2  1  1  1  1  2  1  1  0 ]	47/81
[ -2  -1  -1  -1  -1  -2  -1  -1  0 ]	47/-81
[ 2  1  1  1  1  1  3 ]	76/21
[ -2  -1  -1  -1  -1  -1  -3 ]	76/-21
[ 2  1  1  1  1  1  2  1  0 ]	55/76
[ -2  -1  -1  -1  -1  -1  -2  -1  0 ]	55/-76
[ 2  1  1  1  1  1  1  2  0 ]	34/89
[ -2  -1  -1  -1  -1  -1  -1  -2  0 ]	34/-89
[ 2  1  1  1  1  1  1  1  1 ]	89/55
[ -2  -1  -1  -1  -1  -1  -1  -1  -1 ]	89/-55
[ 1  9  0 ]	1/10
[ -1  -9  0 ]	1/-10
[ 1  8  1 ]	10/9
[ -1  -8  -1 ]	10/-9
[ 1  7  2 ]	17/8
[ -1  -7  -2 ]	17/-8
[ 1  7  1  1  0 ]	9/17
[ -1  -7  -1  -1  0 ]	9/-17
[ 1  6  3 ]	22/7
[ -1  -6  -3 ]	22/-7
[ 1  6  2  1  0 ]	15/22
[ -1  -6  -2  -1  0 ]	15/-22
[ 1  6  1  2  0 ]	8/23
[ -1  -6  -1  -2  0 ]	8/-23
[ 1  6  1  1  1 ]	23/15
[ -1  -6  -1  -1  -1 ]	23/-15
[ 1  5  4 ]	25/6
[ -1  -5  -4 ]	25/-6
[ 1  5  3  1  0 ]	19/25
[ -1  -5  -3  -1  0 ]	19/-25
[ 1  5  2  2  0 ]	13/32
[ -1  -5  -2  -2  0 ]	13/-32
[ 1  5  2  1  1 ]	32/19
[ -1  -5  -2  -1  -1 ]	32/-19
[ 1  5  1  3  0 ]	7/27
[ -1  -5  -1  -3  0 ]	7/-27
[ 1  5  1  2  1 ]	27/20
[ -1  -5  -1  -2  -1 ]	27/-20
[ 1  5  1  1  2 ]	33/13
[ -1  -5  -1  -1  -2 ]	33/-13
[ 1  5  1  1  1  1  0 ]	20/33
[ -1  -5  -1  -1  -1  -1  0 ]	20/-33
[ 1  4  5 ]	26/5
[ -1  -4  -5 ]	26/-5
[ 1  4  4  1  0 ]	21/26
[ -1  -4  -4  -1  0 ]	21/-26
[ 1  4  3  2  0 ]	16/37
[ -1  -4  -3  -2  0 ]	16/-37
[ 1  4  3  1  1 ]	37/21
[ -1  -4  -3  -1  -1 ]	37/-21
[ 1  4  2  3  0 ]	11/38
[ -1  -4  -2  -3  0 ]	11/-38
[ 1  4  2  2  1 ]	38/27
[ -1  -4  -2  -2  -1 ]	38/-27
[ 1  4  2  1  2 ]	43/16
[ -1  -4  -2  -1  -2 ]	43/-16
[ 1  4  2  1  1  1  0 ]	27/43
[ -1  -4  -2  -1  -1  -1  0 ]	27/-43
[ 1  4  1  4  0 ]	6/29
[ -1  -4  -1  -4  0 ]	6/-29
[ 1  4  1  3  1 ]	29/23
[ -1  -4  -1  -3  -1 ]	29/-23
[ 1  4  1  2  2 ]	40/17
[ -1  -4  -1  -2  -2 ]	40/-17
[ 1  4  1  2  1  1  0 ]	23/40
[ -1  -4  -1  -2  -1  -1  0 ]	23/-40
[ 1  4  1  1  3 ]	39/11
[ -1  -4  -1  -1  -3 ]	39/-11
[ 1  4  1  1  2  1  0 ]	28/39
[ -1  -4  -1  -1  -2  -1  0 ]	28/-39
[ 1  4  1  1  1  2  0 ]	17/45
[ -1  -4  -1  -1  -1  -2  0 ]	17/-45
[ 1  4  1  1  1  1  1 ]	45/28
[ -1  -4  -1  -1  -1  -1  -1 ]	45/-28
[ 1  3  6 ]	25/4
[ -1  -3  -6 ]	25/-4
[ 1  3  5  1  0 ]	21/25
[ -1  -3  -5  -1  0 ]	21/-25
[ 1  3  4  2  0 ]	17/38
[ -1  -3  -4  -2  0 ]	17/-38
[ 1  3  4  1  1 ]	38/21
[ -1  -3  -4  -1  -1 ]	38/-21
[ 1  3  3  3  0 ]	13/43
[ -1  -3  -3  -3  0 ]	13/-43
[ 1  3  3  2  1 ]	43/30
[ -1  -3  -3  -2  -1 ]	43/-30
[ 1  3  3  1  2 ]	47/17
[ -1  -3  -3  -1  -2 ]	47/-17
[ 1  3  3  1  1  1  0 ]	30/47
[ -1  -3  -3  -1  -1  -1  0 ]	30/-47
[ 1  3  2  4  0 ]	9/40
[ -1  -3  -2  -4  0 ]	9/-40
[ 1  3  2  3  1 ]	40/31
[ -1  -3  -2  -3  -1 ]	40/-31
[ 1  3  2  2  2 ]	53/22
[ -1  -3  -2  -2  -2 ]	53/-22
[ 1  3  2  2  1  1  0 ]	31/53
[ -1  -3  -2  -2  -1  -1  0 ]	31/-53
[ 1  3  2  1  3 ]	48/13
[ -1  -3  -2  -1  -3 ]	48/-13
[ 1  3  2  1  2  1  0 ]	35/48
[ -1  -3  -2  -1  -2  -1  0 ]	35/-48
[ 1  3  2  1  1  2  0 ]	22/57
[ -1  -3  -2  -1  -1  -2  0 ]	22/-57
[ 1  3  2  1  1  1  1 ]	57/35
[ -1  -3  -2  -1  -1  -1  -1 ]	57/-35
[ 1  3  1  5  0 ]	5/29
[ -1  -3  -1  -5  0 ]	5/-29
[ 1  3  1  4  1 ]	29/24
[ -1  -3  -1  -4  -1 ]	29/-24
[ 1  3  1  3  2 ]	43/19
[ -1  -3  -1  -3  -2 ]	43/-19
[ 1  3  1  3  1  1  0 ]	24/43
[ -1  -3  -1  -3  -1  -1  0 ]	24/-43
[ 1  3  1  2  3 ]	47/14
[ -1  -3  -1  -2  -3 ]	47/-14
[ 1  3  1  2  2  1  0 ]	33/47
[ -1  -3  -1  -2  -2  -1  0 ]	33/-47
[ 1  3  1  2  1  2  0 ]	19/52
[ -1  -3  -1  -2  -1  -2  0 ]	19/-52
[ 1  3  1  2  1  1  1 ]	52/33
[ -1  -3  -1  -2  -1  -1  -1 ]	52/-33
[ 1  3  1  1  4 ]	41/9
[ -1  -3  -1  -1  -4 ]	41/-9
[ 1  3  1  1  3  1  0 ]	32/41
[ -1  -3  -1  -1  -3  -1  0 ]	32/-41
[ 1  3  1  1  2  2  0 ]	23/55
[ -1  -3  -1  -1  -2  -2  0 ]	23/-55
[ 1  3  1  1  2  1  1 ]	55/32
[ -1  -3  -1  -1  -2  -1  -1 ]	55/-32
[ 1  3  1  1  1  3  0 ]	14/51
[ -1  -3  -1  -1  -1  -3  0 ]	14/-51
[ 1  3  1  1  1  2  1 ]	51/37
[ -1  -3  -1  -1  -1  -2  -1 ]	51/-37
[ 1  3  1  1  1  1  2 ]	60/23
[ -1  -3  -1  -1  -1  -1  -2 ]	60/-23
[ 1  3  1  1  1  1  1  1  0 ]	37/60
[ -1  -3  -1  -1  -1  -1  -1  -1  0 ]	37/-60
[ 1  2  7 ]	22/3
[ -1  -2  -7 ]	22/-3
[ 1  2  6  1  0 ]	19/22
[ -1  -2  -6  -1  0 ]	19/-22
[ 1  2  5  2  0 ]	16/35
[ -1  -2  -5  -2  0 ]	16/-35
[ 1  2  5  1  1 ]	35/19
[ -1  -2  -5  -1  -1 ]	35/-19
[ 1  2  4  3  0 ]	13/42
[ -1  -2  -4  -3  0 ]	13/-42
[ 1  2  4  2  1 ]	42/29
[ -1  -2  -4  -2  -1 ]	42/-29
[ 1  2  4  1  2 ]	45/16
[ -1  -2  -4  -1  -2 ]	45/-16
[ 1  2  4  1  1  1  0 ]	29/45
[ -1  -2  -4  -1  -1  -1  0 ]	29/-45
[ 1  2  3  4  0 ]	10/43
[ -1  -2  -3  -4  0 ]	10/-43
[ 1  2  3  3  1 ]	43/33
[ -1  -2  -3  -3  -1 ]	43/-33
[ 1  2  3  2  2 ]	56/23
[ -1  -2  -3  -2  -2 ]	56/-23
[ 1  2  3  2  1  1  0 ]	33/56
[ -1  -2  -3  -2  -1  -1  0 ]	33/-56
[ 1  2  3  1  3 ]	49/13
[ -1  -2  -3  -1  -3 ]	49/-13
[ 1  2  3  1  2  1  0 ]	36/49
[ -1  -2  -3  -1  -2  -1  0 ]	36/-49
[ 1  2  3  1  1  2  0 ]	23/59
[ -1  -2  -3  -1  -1  -2  0 ]	23/-59
[ 1  2  3  1  1  1  1 ]	59/36
[ -1  -2  -3  -1  -1  -1  -1 ]	59/-36
[ 1  2  2  5  0 ]	7/38
[ -1  -2  -2  -5  0 ]	7/-38
[ 1  2  2  4  1 ]	38/31
[ -1  -2  -2  -4  -1 ]	38/-31
[ 1  2  2  3  2 ]	55/24
[ -1  -2  -2  -3  -2 ]	55/-24
[ 1  2  2  3  1  1  0 ]	31/55
[ -1  -2  -2  -3  -1  -1  0 ]	31/-55
[ 1  2  2  2  3 ]	58/17
[ -1  -2  -2  -2  -3 ]	58/-17
[ 1  2  2  2  2  1  0 ]	41/58
[ -1  -2  -2  -2  -2  -1  0 ]	41/-58
[ 1  2  2  2  1  2  0 ]	24/65
[ -1  -2  -2  -2  -1  -2  0 ]	24/-65
[ 1  2  2  2  1  1  1 ]	65/41
[ -1  -2  -2  -2  -1  -1  -1 ]	65/-41
[ 1  2  2  1  4 ]	47/10
[ -1  -2  -2  -1  -4 ]	47/-10
[ 1  2  2  1  3  1  0 ]	37/47
[ -1  -2  -2  -1  -3  -1  0 ]	37/-47
[ 1  2  2  1  2  2  0 ]	27/64
[ -1  -2  -2  -1  -2  -2  0 ]	27/-64
[ 1  2  2  1  2  1  1 ]	64/37
[ -1  -2  -2  -1  -2  -1  -1 ]	64/-37
[ 1  2  2  1  1  3  0 ]	17/61
[ -1  -2  -2  -1  -1  -3  0 ]	17/-61
[ 1  2  2  1  1  2  1 ]	61/44
[ -1  -2  -2  -1  -1  -2  -1 ]	61/-44
[ 1  2  2  1  1  1  2 ]	71/27
[ -1  -2  -2  -1  -1  -1  -2 ]	71/-27
[ 1  2  2  1  1  1  1  1  0 ]	44/71
[ -1  -2  -2  -1  -1  -1  -1  -1  0 ]	44/-71
[ 1  2  1  6  0 ]	4/27
[ -1  -2  -1  -6  0 ]	4/-27
[ 1  2  1  5  1 ]	27/23
[ -1  -2  -1  -5  -1 ]	27/-23
[ 1  2  1  4  2 ]	42/19
[ -1  -2  -1  -4  -2 ]	42/-19
[ 1  2  1  4  1  1  0 ]	23/42
[ -1  -2  -1  -4  -1  -1  0 ]	23/-42
[ 1  2  1  3  3 ]	49/15
[ -1  -2  -1  -3  -3 ]	49/-15
[ 1  2  1  3  2  1  0 ]	34/49
[ -1  -2  -1  -3  -2  -1  0 ]	34/-49
[ 1  2  1  3  1  2  0 ]	19/53
[ -1  -2  -1  -3  -1  -2  0 ]	19/-53
[ 1  2  1  3  1  1  1 ]	53/34
[ -1  -2  -1  -3  -1  -1  -1 ]	53/-34
[ 1  2  1  2  4 ]	48/11
[ -1  -2  -1  -2  -4 ]	48/-11
[ 1  2  1  2  3  1  0 ]	37/48
[ -1  -2  -1  -2  -3  -1  0 ]	37/-48
[ 1  2  1  2  2  2  0 ]	26/63
[ -1  -2  -1  -2  -2  -2  0 ]	26/-63
[ 1  2  1  2  2  1  1 ]	63/37
[ -1  -2  -1  -2  -2  -1  -1 ]	63/-37
[ 1  2  1  2  1  3  0 ]	15/56
[ -1  -2  -1  -2  -1  -3  0 ]	15/-56
[ 1  2  1  2  1  2  1 ]	56/41
[ -1  -2  -1  -2  -1  -2  -1 ]	56/-41
[ 1  2  1  2  1  1  2 ]	67/26
[ -1  -2  -1  -2  -1  -1  -2 ]	67/-26
[ 1  2  1  2  1  1  1  1  0 ]	41/67
[ -1  -2  -1  -2  -1  -1  -1  -1  0 ]	41/-67
[ 1  2  1  1  5 ]	39/7
[ -1  -2  -1  -1  -5 ]	39/-7
[ 1  2  1  1  4  1  0 ]	32/39
[ -1  -2  -1  -1  -4  -1  0 ]	32/-39
[ 1  2  1  1  3  2  0 ]	25/57
[ -1  -2  -1  -1  -3  -2  0 ]	25/-57
[ 1  2  1  1  3  1  1 ]	57/32
[ -1  -2  -1  -1  -3  -1  -1 ]	57/-32
[ 1  2  1  1  2  3  0 ]	18/61
[ -1  -2  -1  -1  -2  -3  0 ]	18/-61
[ 1  2  1  1  2  2  1 ]	61/43
[ -1  -2  -1  -1  -2  -2  -1 ]	61/-43
[ 1  2  1  1  2  1  2 ]	68/25
[ -1  -2  -1  -1  -2  -1  -2 ]	68/-25
[ 1  2  1  1  2  1  1  1  0 ]	43/68
[ -1  -2  -1  -1  -2  -1  -1  -1  0 ]	43/-68
[ 1  2  1  1  1  4  0 ]	11/51
[ -1  -2  -1  -1  -1  -4  0 ]	11/-51
[ 1  2  1  1  1  3  1 ]	51/40
[ -1  -2  -1  -1  -1  -3  -1 ]	51/-40
[ 1  2  1  1  1  2  2 ]	69/29
[ -1  -2  -1  -1  -1  -2  -2 ]	69/-29
[ 1  2  1  1  1  2  1  1  0 ]	40/69
[ -1  -2  -1  -1  -1  -2  -1  -1  0 ]	40/-69
[ 1  2  1  1  1  1  3 ]	65/18
[ -1  -2  -1  -1  -1  -1  -3 ]	65/-18
[ 1  2  1  1  1  1  2  1  0 ]	47/65
[ -1  -2  -1  -1  -1  -1  -2  -1  0 ]	47/-65
[ 1  2  1  1  1  1  1  2  0 ]	29/76
[ -1  -2  -1  -1  -1  -1  -1  -2  0 ]	29/-76
[ 1  2  1  1  1  1  1  1  1 ]	76/47
[ -1  -2  -1  -1  -1  -1  -1  -1  -1 ]	76/-47
[ 1  1  8 ]	17/2
[ -1  -1  -8 ]	17/-2
[ 1  1  7  1  0 ]	15/17
[ -1  -1  -7  -1  0 ]	15/-17
[ 1  1  6  2  0 ]	13/28
[ -1  -1  -6  -2  0 ]	13/-28
[ 1  1  6  1  1 ]	28/15
[ -1  -1  -6  -1  -1 ]	28/-15
[ 1  1  5  3  0 ]	11/35
[ -1  -1  -5  -3  0 ]	11/-35
[ 1  1  5  2  1 ]	35/24
[ -1  -1  -5  -2  -1 ]	35/-24
[ 1  1  5  1  2 ]	37/13
[ -1  -1  -5  -1  -2 ]	37/-13
[ 1  1  5  1  1  1  0 ]	24/37
[ -1  -1  -5  -1  -1  -1  0 ]	24/-37
[ 1  1  4  4  0 ]	9/38
[ -1  -1  -4  -4  0 ]	9/-38
[ 1  1  4  3  1 ]	38/29
[ -1  -1  -4  -3  -1 ]	38/-29
[ 1  1  4  2  2 ]	49/20
[ -1  -1  -4  -2  -2 ]	49/-20
[ 1  1  4  2  1  1  0 ]	29/49
[ -1  -1  -4  -2  -1  -1  0 ]	29/-49
[ 1  1  4  1  3 ]	42/11
[ -1  -1  -4  -1  -3 ]	42/-11
[ 1  1  4  1  2  1  0 ]	31/42
[ -1  -1  -4  -1  -2  -1  0 ]	31/-42
[ 1  1  4  1  1  2  0 ]	20/51
[ -1  -1  -4  -1  -1  -2  0 ]	20/-51
[ 1  1  4  1  1  1  1 ]	51/31
[ -1  -1  -4  -1  -1  -1  -1 ]	51/-31
[ 1  1  3  5  0 ]	7/37
[ -1  -1  -3  -5  0 ]	7/-37
[ 1  1  3  4  1 ]	37/30
[ -1  -1  -3  -4  -1 ]	37/-30
[ 1  1  3  3  2 ]	53/23
[ -1  -1  -3  -3  -2 ]	53/-23
[ 1  1  3  3  1  1  0 ]	30/53
[ -1  -1  -3  -3  -1  -1  0 ]	30/-53
[ 1  1  3  2  3 ]	55/16
[ -1  -1  -3  -2  -3 ]	55/-16
[ 1  1  3  2  2  1  0 ]	39/55
[ -1  -1  -3  -2  -2  -1  0 ]	39/-55
[ 1  1  3  2  1  2  0 ]	23/62
[ -1  -1  -3  -2  -1  -2  0 ]	23/-62
[ 1  1  3  2  1  1  1 ]	62/39
[ -1  -1  -3  -2  -1  -1  -1 ]	62/-39
[ 1  1  3  1  4 ]	43/9
[ -1  -1  -3  -1  -4 ]	43/-9
[ 1  1  3  1  3  1  0 ]	34/43
[ -1  -1  -3  -1  -3  -1  0 ]	34/-43
[ 1  1  3  1  2  2  0 ]	25/59
[ -1  -1  -3  -1  -2  -2  0 ]	25/-59
[ 1  1  3  1  2  1  1 ]	59/34
[ -1  -1  -3  -1  -2  -1  -1 ]	59/-34
[ 1  1  3  1  1  3  0 ]	16/57
[ -1  -1  -3  -1  -1  -3  0 ]	16/-57
[ 1  1  3  1  1  2  1 ]	57/41
[ -1  -1  -3  -1  -1  -2  -1 ]	57/-41
[ 1  1  3  1  1  1  2 ]	66/25
[ -1  -1  -3  -1  -1  -1  -2 ]	66/-25
[ 1  1  3  1  1  1  1  1  0 ]	41/66
[ -1  -1  -3  -1  -1  -1  -1  -1  0 ]	41/-66
[ 1  1  2  6  0 ]	5/32
[ -1  -1  -2  -6  0 ]	5/-32
[ 1  1  2  5  1 ]	32/27
[ -1  -1  -2  -5  -1 ]	32/-27
[ 1  1  2  4  2 ]	49/22
[ -1  -1  -2  -4  -2 ]	49/-22
[ 1  1  2  4  1  1  0 ]	27/49
[ -1  -1  -2  -4  -1  -1  0 ]	27/-49
[ 1  1  2  3  3 ]	56/17
[ -1  -1  -2  -3  -3 ]	56/-17
[ 1  1  2  3  2  1  0 ]	39/56
[ -1  -1  -2  -3  -2  -1  0 ]	39/-56
[ 1  1  2  3  1  2  0 ]	22/61
[ -1  -1  -2  -3  -1  -2  0 ]	22/-61
[ 1  1  2  3  1  1  1 ]	61/39
[ -1  -1  -2  -3  -1  -1  -1 ]	61/-39
[ 1  1  2  2  4 ]	53/12
[ -1  -1  -2  -2  -4 ]	53/-12
[ 1  1  2  2  3  1  0 ]	41/53
[ -1  -1  -2  -2  -3  -1  0 ]	41/-53
[ 1  1  2  2  2  2  0 ]	29/70
[ -1  -1  -2  -2  -2  -2  0 ]	29/-70
[ 1  1  2  2  2  1  1 ]	70/41
[ -1  -1  -2  -2  -2  -1  -1 ]	70/-41
[ 1  1  2  2  1  3  0 ]	17/63
[ -1  -1  -2  -2  -1  -3  0 ]	17/-63
[ 1  1  2  2  1  2  1 ]	63/46
[ -1  -1  -2  -2  -1  -2  -1 ]	63/-46
[ 1  1  2  2  1  1  2 ]	75/29
[ -1  -1  -2  -2  -1  -1  -2 ]	75/-29
[ 1  1  2  2  1  1  1  1  0 ]	46/75
[ -1  -1  -2  -2  -1  -1  -1  -1  0 ]	46/-75
[ 1  1  2  1  5 ]	40/7
[ -1  -1  -2  -1  -5 ]	40/-7
[ 1  1  2  1  4  1  0 ]	33/40
[ -1  -1  -2  -1  -4  -1  0 ]	33/-40
[ 1  1  2  1  3  2  0 ]	26/59
[ -1  -1  -2  -1  -3  -2  0 ]	26/-59
[ 1  1  2  1  3  1  1 ]	59/33
[ -1  -1  -2  -1  -3  -1  -1 ]	59/-33
[ 1  1  2  1  2  3  0 ]	19/64
[ -1  -1  -2  -1  -2  -3  0 ]	19/-64
[ 1  1  2  1  2  2  1 ]	64/45
[ -1  -1  -2  -1  -2  -2  -1 ]	64/-45
[ 1  1  2  1  2  1  2 ]	71/26
[ -1  -1  -2  -1  -2  -1  -2 ]	71/-26
[ 1  1  2  1  2  1  1  1  0 ]	45/71
[ -1  -1  -2  -1  -2  -1  -1  -1  0 ]	45/-71
[ 1  1  2  1  1  4  0 ]	12/55
[ -1  -1  -2  -1  -1  -4  0 ]	12/-55
[ 1  1  2  1  1  3  1 ]	55/43
[ -1  -1  -2  -1  -1  -3  -1 ]	55/-43
[ 1  1  2  1  1  2  2 ]	74/31
[ -1  -1  -2  -1  -1  -2  -2 ]	74/-31
[ 1  1  2  1  1  2  1  1  0 ]	43/74
[ -1  -1  -2  -1  -1  -2  -1  -1  0 ]	43/-74
[ 1  1  2  1  1  1  3 ]	69/19
[ -1  -1  -2  -1  -1  -1  -3 ]	69/-19
[ 1  1  2  1  1  1  2  1  0 ]	50/69
[ -1  -1  -2  -1  -1  -1  -2  -1  0 ]	50/-69
[ 1  1  2  1  1  1  1  2  0 ]	31/81
[ -1  -1  -2  -1  -1  -1  -1  -2  0 ]	31/-81
[ 1  1  2  1  1  1  1  1  1 ]	81/50
[ -1  -1  -2  -1  -1  -1  -1  -1  -1 ]	81/-50
[ 1  1  1  7  0 ]	3/23
[ -1  -1  -1  -7  0 ]	3/-23
[ 1  1  1  6  1 ]	23/20
[ -1  -1  -1  -6  -1 ]	23/-20
[ 1  1  1  5  2 ]	37/17
[ -1  -1  -1  -5  -2 ]	37/-17
[ 1  1  1  5  1  1  0 ]	20/37
[ -1  -1  -1  -5  -1  -1  0 ]	20/-37
[ 1  1  1  4  3 ]	45/14
[ -1  -1  -1  -4  -3 ]	45/-14
[ 1  1  1  4  2  1  0 ]	31/45
[ -1  -1  -1  -4  -2  -1  0 ]	31/-45
[ 1  1  1  4  1  2  0 ]	17/48
[ -1  -1  -1  -4  -1  -2  0 ]	17/-48
[ 1  1  1  4  1  1  1 ]	48/31
[ -1  -1  -1  -4  -1  -1  -1 ]	48/-31
[ 1  1  1  3  4 ]	47/11
[ -1  -1  -1  -3  -4 ]	47/-11
[ 1  1  1  3  3  1  0 ]	36/47
[ -1  -1  -1  -3  -3  -1  0 ]	36/-47
[ 1  1  1  3  2  2  0 ]	25/61
[ -1  -1  -1  -3  -2  -2  0 ]	25/-61
[ 1  1  1  3  2  1  1 ]	61/36
[ -1  -1  -1  -3  -2  -1  -1 ]	61/-36
[ 1  1  1  3  1  3  0 ]	14/53
[ -1  -1  -1  -3  -1  -3  0 ]	14/-53
[ 1  1  1  3  1  2  1 ]	53/39
[ -1  -1  -1  -3  -1  -2  -1 ]	53/-39
[ 1  1  1  3  1  1  2 ]	64/25
[ -1  -1  -1  -3  -1  -1  -2 ]	64/-25
[ 1  1  1  3  1  1  1  1  0 ]	39/64
[ -1  -1  -1  -3  -1  -1  -1  -1  0 ]	39/-64
[ 1  1  1  2  5 ]	43/8
[ -1  -1  -1  -2  -5 ]	43/-8
[ 1  1  1  2  4  1  0 ]	35/43
[ -1  -1  -1  -2  -4  -1  0 ]	35/-43
[ 1  1  1  2  3  2  0 ]	27/62
[ -1  -1  -1  -2  -3  -2  0 ]	27/-62
[ 1  1  1  2  3  1  1 ]	62/35
[ -1  -1  -1  -2  -3  -1  -1 ]	62/-35
[ 1  1  1  2  2  3  0 ]	19/65
[ -1  -1  -1  -2  -2  -3  0 ]	19/-65
[ 1  1  1  2  2  2  1 ]	65/46
[ -1  -1  -1  -2  -2  -2  -1 ]	65/-46
[ 1  1  1  2  2  1  2 ]	73/27
[ -1  -1  -1  -2  -2  -1  -2 ]	73/-27
[ 1  1  1  2  2  1  1  1  0 ]	46/73
[ -1  -1  -1  -2  -2  -1  -1  -1  0 ]	46/-73
[ 1  1  1  2  1  4  0 ]	11/52
[ -1  -1  -1  -2  -1  -4  0 ]	11/-52
[ 1  1  1  2  1  3  1 ]	52/41
[ -1  -1  -1  -2  -1  -3  -1 ]	52/-41
[ 1  1  1  2  1  2  2 ]	71/30
[ -1  -1  -1  -2  -1  -2  -2 ]	71/-30
[ 1  1  1  2  1  2  1  1  0 ]	41/71
[ -1  -1  -1  -2  -1  -2  -1  -1  0 ]	41/-71
[ 1  1  1  2  1  1  3 ]	68/19
[ -1  -1  -1  -2  -1  -1  -3 ]	68/-19
[ 1  1  1  2  1  1  2  1  0 ]	49/68
[ -1  -1  -1  -2  -1  -1  -2  -1  0 ]	49/-68
[ 1  1  1  2  1  1  1  2  0 ]	30/79
[ -1  -1  -1  -2  -1  -1  -1  -2  0 ]	30/-79
[ 1  1  1  2  1  1  1  1  1 ]	79/49
[ -1  -1  -1  -2  -1  -1  -1  -1  -1 ]	79/-49
[ 1  1  1  1  6 ]	33/5
[ -1  -1  -1  -1  -6 ]	33/-5
[ 1  1  1  1  5  1  0 ]	28/33
[ -1  -1  -1  -1  -5  -1  0 ]	28/-33
[ 1  1  1  1  4  2  0 ]	23/51
[ -1  -1  -1  -1  -4  -2  0 ]	23/-51
[ 1  1  1  1  4  1  1 ]	51/28
[ -1  -1  -1  -1  -4  -1  -1 ]	51/-28
[ 1  1  1  1  3  3  0 ]	18/59
[ -1  -1  -1  -1  -3  -3  0 ]	18/-59
[ 1  1  1  1  3  2  1 ]	59/41
[ -1  -1  -1  -1  -3  -2  -1 ]	59/-41
[ 1  1  1  1  3  1  2 ]	64/23
[ -1  -1  -1  -1  -3  -1  -2 ]	64/-23
[ 1  1  1  1  3  1  1  1  0 ]	41/64
[ -1  -1  -1  -1  -3  -1  -1  -1  0 ]	41/-64
[ 1  1  1  1  2  4  0 ]	13/57
[ -1  -1  -1  -1  -2  -4  0 ]	13/-57
[ 1  1  1  1  2  3  1 ]	57/44
[ -1  -1  -1  -1  -2  -3  -1 ]	57/-44
[ 1  1  1  1  2  2  2 ]	75/31
[ -1  -1  -1  -1  -2  -2  -2 ]	75/-31
[ 1  1  1  1  2  2  1  1  0 ]	44/75
[ -1  -1  -1  -1  -2  -2  -1  -1  0 ]	44/-75
[ 1  1  1  1  2  1  3 ]	67/18
[ -1  -1  -1  -1  -2  -1  -3 ]	67/-18
[ 1  1  1  1  2  1  2  1  0 ]	49/67
[ -1  -1  -1  -1  -2  -1  -2  -1  0 ]	49/-67
[ 1  1  1  1  2  1  1  2  0 ]	31/80
[ -1  -1  -1  -1  -2  -1  -1  -2  0 ]	31/-80
[ 1  1  1  1  2  1  1  1  1 ]	80/49
[ -1  -1  -1  -1  -2  -1  -1  -1  -1 ]	80/-49
[ 1  1  1  1  1  5  0 ]	8/45
[ -1  -1  -1  -1  -1  -5  0 ]	8/-45
[ 1  1  1  1  1  4  1 ]	45/37
[ -1  -1  -1  -1  -1  -4  -1 ]	45/-37
[ 1  1  1  1  1  3  2 ]	66/29
[ -1  -1  -1  -1  -1  -3  -2 ]	66/-29
[ 1  1  1  1  1  3  1  1  0 ]	37/66
[ -1  -1  -1  -1  -1  -3  -1  -1  0 ]	37/-66
[ 1  1  1  1  1  2  3 ]	71/21
[ -1  -1  -1  -1  -1  -2  -3 ]	71/-21
[ 1  1  1  1  1  2  2  1  0 ]	50/71
[ -1  -1  -1  -1  -1  -2  -2  -1  0 ]	50/-71
[ 1  1  1  1  1  2  1  2  0 ]	29/79
[ -1  -1  -1  -1  -1  -2  -1  -2  0 ]	29/-79
[ 1  1  1  1  1  2  1  1  1 ]	79/50
[ -1  -1  -1  -1  -1  -2  -1  -1  -1 ]	79/-50
[ 1  1  1  1  1  1  4 ]	60/13
[ -1  -1  -1  -1  -1  -1  -4 ]	60/-13
[ 1  1  1  1  1  1  3  1  0 ]	47/60
[ -1  -1  -1  -1  -1  -1  -3  -1  0 ]	47/-60
[ 1  1  1  1  1  1  2  2  0 ]	34/81
[ -1  -1  -1  -1  -1  -1  -2  -2  0 ]	34/-81
[ 1  1  1  1  1  1  2  1  1 ]	81/47
[ -1  -1  -1  -1  -1  -1  -2  -1  -1 ]	81/-47
[ 1  1  1  1  1  1  1  3  0 ]	21/76
[ -1  -1  -1  -1  -1  -1  -1  -3  0 ]	21/-76
[ 1  1  1  1  1  1  1  2  1 ]	76/55
[ -1  -1  -1  -1  -1  -1  -1  -2  -1 ]	76/-55
[ 1  1  1  1  1  1  1  1  2 ]	89/34
[ -1  -1  -1  -1  -1  -1  -1  -1  -2 ]	89/-34
[ 1  1  1  1  1  1  1  1  1  1  0 ]	55/89
[ -1  -1  -1  -1  -1  -1  -1  -1  -1  -1  0 ]	55/-89
